7.751111111111111995e+01
1.645555555555555713e+02
2.471444444444444457e+02
3.329111111111110972e+02
4.142777777777778283e+02
4.991888888888889255e+02
5.833333333333333712e+02
6.659555555555556339e+02
7.459222222222222172e+02
8.319777777777777601e+02
9.130444444444444798e+02
9.998999999999999773e+02
1.079200000000000273e+03
1.161922222222222217e+03
1.248488888888889051e+03
1.332411111111111268e+03
1.415855555555555611e+03
1.498266666666666652e+03
1.578866666666666561e+03
1.666388888888888914e+03
1.749211111111111222e+03
1.833700000000000045e+03
1.917344444444444434e+03
1.999033333333333530e+03
2.082433333333333394e+03
2.166000000000000000e+03
2.246755555555555475e+03
2.333077777777778010e+03
2.415066666666666606e+03
2.499800000000000182e+03
2.583377777777777737e+03
2.666322222222222535e+03
2.750000000000000000e+03
2.832755555555555475e+03
2.917188888888888869e+03
3.000566666666666606e+03
3.083144444444444616e+03
3.166788888888889232e+03
3.250555555555555657e+03
3.335144444444444616e+03
3.416733333333333576e+03
3.502011111111111404e+03
3.583211111111111222e+03
3.666877777777778192e+03
3.750055555555556111e+03
3.834188888888888869e+03
3.917988888888889051e+03
4.000766666666667334e+03
4.084655555555556020e+03
4.168366666666666788e+03
4.250644444444444161e+03
4.335699999999999818e+03
4.417822222222222081e+03
4.502300000000000182e+03
4.585766666666667334e+03
4.668577777777778465e+03
4.751811111111111131e+03
4.836011111111111859e+03
4.917744444444444525e+03
5.000644444444445071e+03
5.084688888888889778e+03
5.168766666666666424e+03
5.253066666666667516e+03
5.335966666666667152e+03
5.418388888888888687e+03
5.503288888888889232e+03
5.586211111111110768e+03
5.669788888888889232e+03
5.751622222222222263e+03
5.836011111111111859e+03
5.919066666666666606e+03
6.003555555555555657e+03
6.085777777777778283e+03
6.169711111111111677e+03
6.251888888888888687e+03
6.336122222222222263e+03
6.420255555555556384e+03
6.502566666666666606e+03
6.585833333333333030e+03
6.668388888888888687e+03
6.753088888888889414e+03
6.837255555555556384e+03
6.920911111111111495e+03
7.002888888888889596e+03
7.086588888888889414e+03
7.168777777777777374e+03
7.255977777777778101e+03
7.337122222222223172e+03
7.421400000000000546e+03
7.505711111111111677e+03
7.589811111111111131e+03
7.672722222222222626e+03
7.754077777777777555e+03
7.841066666666667516e+03
7.920611111111111313e+03
8.004211111111110768e+03
8.087200000000000728e+03
8.172399999999999636e+03
8.256255555555557294e+03
8.338677777777778829e+03
8.422155555555555111e+03
8.506755555555555475e+03
8.589311111111112041e+03
8.671111111111111313e+03
8.755755555555555475e+03
8.838955555555556202e+03
8.921166666666666060e+03
9.004655555555556930e+03
9.088377777777777737e+03
9.171977777777778101e+03
9.254688888888889778e+03
9.337744444444444525e+03
9.420666666666667879e+03
9.504800000000001091e+03
9.590177777777778829e+03
9.672688888888887959e+03
9.754866666666666788e+03
9.839800000000001091e+03
9.923211111111111677e+03
1.000711111111111131e+04
1.008855555555555657e+04
1.017337777777777774e+04
1.025561111111111131e+04
1.034053333333333285e+04
1.041911111111111313e+04
1.050376666666666824e+04
1.058855555555555657e+04
1.067468888888888978e+04
1.075660000000000036e+04
1.084132222222222299e+04
1.092550000000000182e+04
1.100725555555555547e+04
1.109216666666666788e+04
1.117490000000000146e+04
1.125917777777777701e+04
1.134120000000000073e+04
1.142414444444444598e+04
1.150642222222222335e+04
1.159058888888888941e+04
1.167374444444444453e+04
1.175764444444444416e+04
1.184042222222222335e+04
1.192413333333333321e+04
1.200790000000000146e+04
1.209076666666666642e+04
1.217375555555555729e+04
1.225751111111111277e+04
1.234096666666666715e+04
1.242458888888888941e+04
1.250851111111111095e+04
1.259097777777777810e+04
1.267544444444444525e+04
1.275952222222222372e+04
1.284305555555555657e+04
1.292543333333333430e+04
1.300801111111111095e+04
1.309008888888888941e+04
1.317525555555555729e+04
1.325811111111111131e+04
1.334182222222222299e+04
1.342532222222222299e+04
1.350856666666666752e+04
1.359285555555555584e+04
1.367613333333333503e+04
1.375971111111111168e+04
1.384233333333333394e+04
1.392734444444444489e+04
1.400862222222222408e+04
1.409304444444444380e+04
1.417866666666666606e+04
1.425964444444444598e+04
1.434478888888888832e+04
1.442315555555555693e+04
1.451027777777777919e+04
1.459203333333333285e+04
1.467621111111111168e+04
1.476130000000000109e+04
1.484353333333333285e+04
1.492741111111111240e+04
1.501152222222222190e+04
1.509330000000000109e+04
1.517731111111111022e+04
1.525989999999999964e+04
1.534335555555555584e+04
1.542703333333333467e+04
1.551083333333333394e+04
1.559468888888888978e+04
1.567936666666666679e+04
1.576136666666666679e+04
1.584360000000000036e+04
1.592751111111111277e+04
1.601087777777777956e+04
1.609468888888888978e+04
1.617762222222222226e+04
1.626153333333333285e+04
1.634134444444444489e+04
1.642920000000000073e+04
1.651115555555555693e+04
1.659341111111111240e+04
1.667422222222222263e+04
1.676192222222221972e+04
1.684174444444444453e+04
1.692678888888888832e+04
1.701111111111111313e+04
1.709380000000000291e+04
1.717794444444444525e+04
1.726173333333333721e+04
1.734541111111111240e+04
1.742767777777777883e+04
1.751110000000000218e+04
1.759644444444444525e+04
1.767743333333333430e+04
1.776176666666666642e+04
1.784558888888889123e+04
1.792936666666666497e+04
1.801307777777777665e+04
1.809764444444444598e+04
1.817834444444444307e+04
1.826225555555555547e+04
1.834506666666666933e+04
1.842857777777778028e+04
1.851253333333333285e+04
1.859521111111111168e+04
1.867938888888889051e+04
1.876264444444444234e+04
1.887854444444444380e+04
1.896227777777777737e+04
1.904496666666666715e+04
1.912761111111111313e+04
1.921185555555555402e+04
1.929674444444444453e+04
1.939562222222222408e+04
1.947843333333333430e+04
1.956235555555555402e+04
1.964481111111111022e+04
1.972793333333333430e+04
1.981208888888889123e+04
1.989678888888888832e+04
1.998006666666666933e+04
2.006306666666666933e+04
2.014702222222222190e+04
2.022792222222222335e+04
2.031388888888889051e+04
2.039814444444444598e+04
2.048218888888888978e+04
2.056383333333333576e+04
2.064731111111111022e+04
2.073033333333333576e+04
2.081508888888889123e+04
2.089940000000000146e+04
2.098279999999999927e+04
2.106671111111111168e+04
2.114838888888888687e+04
2.123220000000000073e+04
2.131520000000000073e+04
2.139826666666666642e+04
2.148097777777777810e+04
2.156426666666667006e+04
2.164797777777777810e+04
2.173025555555555547e+04
2.181451111111111095e+04
2.189845555555555620e+04
2.198228888888888832e+04
2.206253333333333285e+04
2.214733333333333576e+04
2.223183333333333576e+04
2.231528888888889196e+04
2.239788888888889051e+04
2.248131111111111022e+04
2.256224444444444453e+04
2.264893333333333430e+04
2.273183333333333576e+04
2.281502222222222190e+04
2.289997777777777810e+04
2.298217777777777883e+04
2.306523333333333358e+04
2.314872222222222263e+04
2.323293333333333430e+04
2.333217777777777883e+04
2.341694444444444525e+04
2.349852222222222554e+04
2.358252222222222190e+04
2.366784444444444307e+04
2.374858888888888760e+04
2.383304444444444744e+04
2.391663333333333503e+04
2.400056666666666933e+04
2.408661111111110949e+04
2.416743333333333430e+04
2.424961111111110949e+04
2.433367777777777883e+04
2.441667777777777883e+04
2.450224444444444816e+04
2.458338888888889051e+04
2.466720000000000073e+04
2.474968888888888978e+04
2.483385555555555402e+04
2.491726666666666642e+04
2.500095555555555620e+04
2.508398888888888905e+04
2.516714444444444598e+04
2.524976666666667006e+04
2.533407777777778028e+04
2.541704444444444744e+04
2.549792222222222335e+04
2.558362222222222408e+04
2.566697777777777810e+04
2.575112222222222408e+04
2.583378888888888832e+04
2.591668888888888978e+04
2.600152222222222554e+04
2.608354444444444380e+04
2.616798888888888905e+04
2.624824444444444453e+04
2.633386666666666861e+04
2.641768888888888978e+04
2.650062222222222408e+04
2.658433333333333212e+04
2.666793333333333430e+04
2.674947777777778174e+04
2.683533333333333576e+04
2.691688888888889051e+04
2.700035555555555766e+04
2.708581111111111386e+04
2.716805555555555839e+04
2.725257777777778028e+04
2.733798888888888905e+04
2.741942222222222335e+04
2.750398888888889269e+04
2.758461111111111313e+04
2.767046666666667079e+04
2.775441111111111240e+04
2.783582222222222481e+04
2.791953333333333285e+04
2.800108888888889123e+04
2.808705555555555839e+04
2.816971111111111168e+04
2.825168888888888978e+04
2.833650000000000000e+04
2.841953333333333285e+04
2.850261111111111313e+04
2.858465555555555693e+04
2.866985555555555766e+04
2.874981111111111022e+04
2.883653333333333649e+04
2.891953333333333285e+04
2.900316666666666788e+04
2.908561111111111313e+04
2.916926666666667006e+04
2.925364444444444598e+04
2.933848888888888905e+04
2.942013333333333503e+04
2.950287777777777956e+04
2.958700000000000000e+04
2.967004444444444744e+04
2.975441111111111604e+04
2.983888888888888687e+04
2.991795555555555984e+04
3.000561111111111313e+04
3.008925555555555547e+04
3.017163333333333503e+04
3.025475555555555911e+04
3.033941111111111240e+04
3.042008888888889123e+04
3.050637777777777956e+04
3.059057777777777665e+04
3.067197777777778174e+04
3.075392222222222335e+04
3.083670000000000073e+04
3.091931111111111386e+04
3.100343333333333430e+04
3.108617777777778247e+04
3.117022222222222626e+04
3.126965555555555693e+04
3.135354444444444380e+04
3.143708888888889123e+04
3.152136666666666861e+04
3.160357777777778028e+04
3.168525555555555547e+04
3.177082222222222481e+04
3.185473333333333721e+04
3.193601111111111459e+04
3.202098888888888541e+04
3.210536666666666861e+04
3.218896666666666715e+04
3.227192222222222335e+04
3.235485555555555766e+04
3.243787777777777956e+04
3.252174444444444453e+04
3.260514444444444962e+04
3.268895555555555984e+04
3.277321111111110804e+04
3.285697777777777810e+04
3.293831111111111386e+04
3.302287777777777956e+04
3.310580000000000291e+04
3.318963333333333139e+04
3.327401111111111823e+04
3.335685555555555766e+04
3.344058888888888760e+04
3.352292222222222335e+04
3.360672222222222626e+04
3.369017777777777519e+04
3.377242222222222335e+04
3.385636666666666861e+04
3.393934444444444671e+04
3.402427777777777374e+04
3.410583333333333576e+04
3.418947777777778538e+04
3.427362222222222044e+04
3.435406666666666570e+04
3.444060000000000582e+04
3.452202222222222917e+04
3.460538888888889051e+04
3.470386666666666861e+04
3.480634444444444671e+04
3.489076666666667006e+04
3.497140000000000146e+04
3.505788888888889051e+04
3.514091111111111240e+04
3.522263333333333139e+04
3.530687777777777956e+04
3.539082222222222481e+04
3.547468888888889342e+04
3.555808888888888760e+04
3.564003333333333285e+04
3.572531111111111386e+04
3.580852222222222190e+04
3.589056666666667297e+04
3.597550000000000728e+04
3.605784444444444671e+04
3.614195555555555620e+04
3.622546666666666715e+04
3.630743333333333430e+04
3.639196666666666715e+04
3.647517777777778247e+04
3.655791111111111240e+04
3.664144444444444525e+04
3.672531111111111386e+04
3.680828888888889196e+04
3.689216666666667152e+04
3.697650000000000000e+04
3.705957777777778392e+04
3.714319999999999709e+04
3.722523333333333721e+04
3.730911111111111677e+04
3.739205555555555475e+04
3.747695555555555620e+04
3.755976666666667006e+04
3.764196666666666715e+04
3.772672222222221899e+04
3.780856666666667297e+04
3.789217777777778247e+04
3.797711111111111677e+04
3.805917777777777519e+04
3.814296666666666715e+04
3.822674444444444816e+04
3.830888888888889051e+04
3.839307777777777665e+04
3.847673333333333721e+04
3.855850000000000000e+04
3.864065555555555329e+04
3.872565555555555329e+04
3.880951111111111095e+04
3.889378888888889196e+04
3.897670000000000437e+04
3.906055555555556202e+04
3.914312222222222772e+04
3.922635555555555766e+04
3.930766666666667152e+04
3.939293333333333430e+04
3.947376666666667006e+04
3.955960000000000582e+04
3.964117777777777519e+04
3.974412222222222044e+04
3.982812222222222772e+04
3.991036666666666861e+04
3.999521111111110804e+04
4.007955555555555475e+04
4.016322222222222626e+04
4.024523333333333721e+04
4.032730000000000291e+04
4.041154444444444380e+04
4.049605555555555475e+04
4.057717777777777519e+04
4.066187777777777956e+04
4.074467777777778247e+04
4.082906666666667297e+04
4.091057777777778392e+04
4.099754444444444380e+04
4.107885555555555766e+04
4.116192222222222335e+04
4.124463333333333139e+04
4.132928888888889196e+04
4.141203333333333285e+04
4.149466666666666424e+04
4.157591111111111240e+04
4.166182222222222481e+04
4.174580000000000291e+04
4.182815555555555329e+04
4.191280000000000291e+04
4.199332222222222481e+04
4.207958888888889487e+04
4.216258888888888760e+04
4.224485555555555766e+04
4.232873333333332994e+04
4.241255555555555475e+04
4.249613333333333139e+04
4.258023333333332994e+04
4.266185555555555766e+04
4.274613333333333139e+04
4.282946666666666715e+04
4.291385555555555766e+04
4.299633333333333576e+04
4.308177777777778101e+04
4.316442222222222335e+04
4.324976666666666279e+04
4.332987777777777956e+04
4.341384444444444671e+04
4.349653333333333285e+04
4.358320000000000437e+04
4.366598888888888905e+04
4.374757777777777665e+04
4.383197777777777810e+04
4.391402222222222190e+04
4.399754444444444380e+04
4.407915555555556057e+04
4.416404444444445107e+04
4.424741111111111240e+04
4.433174444444444816e+04
4.441455555555556202e+04
4.449826666666666279e+04
4.458195555555555620e+04
4.466513333333333867e+04
4.474875555555555184e+04
4.482993333333333430e+04
4.491418888888889342e+04
4.499811111111111677e+04
4.508060000000000582e+04
4.516466666666667152e+04
4.524816666666667152e+04
4.532983333333333576e+04
4.541564444444444962e+04
4.549863333333333867e+04
4.558285555555555766e+04
4.566680000000000291e+04
4.574830000000000291e+04
4.583278888888889196e+04
4.591428888888889196e+04
4.599782222222222481e+04
4.608400000000000000e+04
4.616653333333333285e+04
4.624968888888889342e+04
4.633466666666667152e+04
4.641691111111111240e+04
4.649974444444444816e+04
4.658281111111111386e+04
4.666607777777777665e+04
4.675017777777778247e+04
4.683095555555555620e+04
4.691680000000000291e+04
4.701628888888889196e+04
4.709955555555556202e+04
4.718150000000000000e+04
4.726570000000000437e+04
4.734957777777778392e+04
4.743376666666667006e+04
4.751765555555555329e+04
4.759883333333333576e+04
4.768390000000000146e+04
4.776703333333334012e+04
4.784961111111111677e+04
4.793354444444444380e+04
4.801551111111111823e+04
4.810085555555555766e+04
4.818751111111111095e+04
4.826353333333333285e+04
4.835123333333332994e+04
4.843392222222222335e+04
4.851653333333333285e+04
4.859924444444444089e+04
4.868324444444444816e+04
4.876754444444444380e+04
4.885093333333333430e+04
4.893613333333333867e+04
4.901816666666666424e+04
4.910277777777778101e+04
4.918621111111111531e+04
4.926921111111111531e+04
4.935281111111111386e+04
4.943624444444444816e+04
4.951762222222222044e+04
4.960136666666666861e+04
4.968630000000000291e+04
4.976873333333333721e+04
4.985252222222222917e+04
4.993577777777778101e+04
5.001840000000000146e+04
5.010175555555555911e+04
5.018594444444444525e+04
5.027074444444444816e+04
5.035088888888889051e+04
5.043508888888889487e+04
5.051747777777777810e+04
5.060311111111110949e+04
5.068483333333333576e+04
5.076951111111111823e+04
5.085076666666667006e+04
5.093727777777778101e+04
5.101831111111111386e+04
5.110306666666667297e+04
5.118667777777778247e+04
5.126870000000000437e+04
5.135244444444444525e+04
5.143404444444444380e+04
5.151974444444444816e+04
5.160301111111111823e+04
5.168644444444444525e+04
5.176918888888889342e+04
5.185265555555556057e+04
5.193686666666666861e+04
5.202040000000000146e+04
5.210155555555555475e+04
5.218859999999999854e+04
5.226963333333333867e+04
5.235310000000000582e+04
5.243617777777778247e+04
5.251983333333333576e+04
5.260338888888889051e+04
5.268627777777778101e+04
5.277165555555556057e+04
5.285341111111111240e+04
5.293612222222222044e+04
5.301944444444444525e+04
5.310326666666667006e+04
5.318767777777778247e+04
5.327194444444445253e+04
5.335448888888889633e+04
5.343773333333333721e+04
5.351973333333333721e+04
5.360456666666667297e+04
5.368753333333333285e+04
5.377085555555555766e+04
5.385327777777778101e+04
5.393570000000000437e+04
5.402255555555555475e+04
5.410333333333333576e+04
5.418793333333333430e+04
5.426983333333333576e+04
5.435376666666667006e+04
5.443707777777778392e+04
5.451985555555555766e+04
5.460295555555556348e+04
5.468794444444444525e+04
5.477101111111111823e+04
5.485366666666667152e+04
5.493724444444444816e+04
5.502352222222222917e+04
5.510523333333333721e+04
5.520430000000000291e+04
5.530465555555555329e+04
5.540267777777778247e+04
5.550398888888888905e+04
5.560398888888888905e+04
5.570581111111111386e+04
5.580454444444444380e+04
5.590507777777778392e+04
5.598794444444444525e+04
5.607144444444444525e+04
5.615500000000000000e+04
5.625402222222222190e+04
5.633847777777778538e+04
5.642267777777777519e+04
5.650637777777777956e+04
5.658915555555556057e+04
5.667158888888888760e+04
5.675457777777778392e+04
5.684046666666667443e+04
5.692115555555556057e+04
5.700508888888889487e+04
5.708850000000000000e+04
5.716970000000000437e+04
5.725650000000000000e+04
5.733881111111111386e+04
5.741875555555555911e+04
5.750523333333333721e+04
5.759009999999999854e+04
5.767285555555555766e+04
5.775547777777777810e+04
5.783859999999999854e+04
5.792308888888889487e+04
5.800623333333333721e+04
5.809001111111111823e+04
5.817373333333333721e+04
5.825765555555556057e+04
5.833772222222222626e+04
5.842262222222222044e+04
5.850633333333333576e+04
5.859042222222222335e+04
5.867380000000000291e+04
5.875644444444444525e+04
5.884104444444445107e+04
5.892420000000000437e+04
5.900646666666666715e+04
5.909009999999999854e+04
5.917342222222223063e+04
5.927366666666667152e+04
5.935801111111111095e+04
5.944026666666666279e+04
5.952404444444445107e+04
5.960646666666666715e+04
5.969024444444444816e+04
5.977183333333333576e+04
5.985690000000000146e+04
5.995770000000000437e+04
6.005706666666667297e+04
6.015718888888888614e+04
6.026117777777778247e+04
6.036087777777777956e+04
6.045971111111111531e+04
6.055990000000000873e+04
6.066041111111111968e+04
6.075926666666667006e+04
6.085900000000000000e+04
6.095606666666667297e+04
