6.720000000000000284e+01
1.508888888888889142e+02
2.351111111111111427e+02
3.196777777777778056e+02
4.017444444444444684e+02
4.865888888888889028e+02
5.694666666666666970e+02
6.531000000000000227e+02
7.362111111111111086e+02
8.196666666666666288e+02
9.025888888888888459e+02
1.004244444444444525e+03
1.088311111111111131e+03
1.189933333333333394e+03
1.269700000000000045e+03
1.354877777777777737e+03
1.438155555555555566e+03
1.521222222222222172e+03
1.603833333333333485e+03
1.706911111111111268e+03
1.785122222222222263e+03
1.871588888888888960e+03
1.953588888888888960e+03
2.038966666666666697e+03
2.122877777777778192e+03
2.273177777777777919e+03
2.357455555555555748e+03
2.439222222222222626e+03
2.520333333333333485e+03
2.606300000000000182e+03
2.719555555555555657e+03
2.822955555555555748e+03
2.921033333333333303e+03
3.006800000000000182e+03
3.093100000000000364e+03
3.174455555555555748e+03
3.254199999999999818e+03
3.340400000000000091e+03
3.421222222222222172e+03
3.507211111111111222e+03
3.587855555555555384e+03
3.676611111111111313e+03
3.754777777777777828e+03
3.840855555555555839e+03
3.921822222222222535e+03
4.007511111111111404e+03
4.088400000000000091e+03
4.171766666666666424e+03
4.256633333333333212e+03
4.342033333333332848e+03
4.422966666666666242e+03
4.509633333333333212e+03
4.591611111111111313e+03
4.677055555555555657e+03
4.755000000000000000e+03
4.842055555555555657e+03
4.922211111111111677e+03
5.008888888888889596e+03
5.088955555555555293e+03
5.175611111111111313e+03
5.257222222222222626e+03
5.343111111111112223e+03
5.423511111111110949e+03
5.509322222222222990e+03
5.589911111111111495e+03
5.673300000000000182e+03
5.756444444444445253e+03
5.840388888888889596e+03
5.923633333333334122e+03
6.007988888888889051e+03
6.090844444444444889e+03
6.174011111111111859e+03
6.256988888888889051e+03
6.341211111111111677e+03
6.423877777777778647e+03
6.508988888888889051e+03
6.590544444444444707e+03
6.676155555555556020e+03
6.759855555555555839e+03
6.841311111111111131e+03
6.925133333333334122e+03
7.013155555555556020e+03
7.091988888888889051e+03
7.177866666666666788e+03
7.258777777777778283e+03
7.345388888888889596e+03
7.425844444444444889e+03
7.511533333333333758e+03
7.592666666666666970e+03
7.677988888888889960e+03
7.760166666666666970e+03
7.842977777777778101e+03
7.925377777777778647e+03
8.011744444444444525e+03
8.091977777777778101e+03
8.176322222222222081e+03
8.263600000000000364e+03
8.345422222222221535e+03
8.425233333333333576e+03
8.509466666666667152e+03
8.592444444444443434e+03
8.679677777777778829e+03
8.759522222222223718e+03
8.845788888888888323e+03
8.928299999999999272e+03
9.013500000000000000e+03
9.093833333333333940e+03
9.180466666666667152e+03
9.260444444444445253e+03
9.343655555555555111e+03
9.427366666666668607e+03
9.512566666666665697e+03
9.594800000000001091e+03
9.677777777777779193e+03
9.762666666666667879e+03
9.850244444444446344e+03
9.927966666666667152e+03
1.001112222222222226e+04
1.009580000000000109e+04
1.018104444444444562e+04
1.026245555555555620e+04
1.034715555555555693e+04
1.043020000000000073e+04
1.051454444444444380e+04
1.060065555555555693e+04
1.067851111111111095e+04
1.076496666666666715e+04
1.084486666666666679e+04
1.092952222222222372e+04
1.101442222222222335e+04
1.109555555555555657e+04
1.118130000000000109e+04
1.126265555555555511e+04
1.134836666666666679e+04
1.142957777777777846e+04
1.151627777777777919e+04
1.159640000000000146e+04
1.167954444444444562e+04
1.176266666666666788e+04
1.184863333333333321e+04
1.192993333333333430e+04
1.201580000000000109e+04
1.209689999999999964e+04
1.218247777777777810e+04
1.226324444444444453e+04
1.234670000000000073e+04
1.242954444444444562e+04
1.251336666666666861e+04
1.259628888888888832e+04
1.268120000000000073e+04
1.276388888888888869e+04
1.284704444444444380e+04
1.293001111111111095e+04
1.301806666666666752e+04
1.309668888888888978e+04
1.318550000000000182e+04
1.326535555555555584e+04
1.335114444444444598e+04
1.343472222222222445e+04
1.351894444444444525e+04
1.359848888888888905e+04
1.368577777777777737e+04
1.376800000000000000e+04
1.385397777777777810e+04
1.393410000000000036e+04
1.401832222222222299e+04
1.410164444444444598e+04
1.418611111111111131e+04
1.427032222222222299e+04
1.435515555555555693e+04
1.443538888888888869e+04
1.451541111111111240e+04
1.460191111111111240e+04
1.468242222222222335e+04
1.476901111111111277e+04
1.484941111111111059e+04
1.493218888888888978e+04
1.501604444444444562e+04
1.509873333333333358e+04
1.518531111111111204e+04
1.526543333333333430e+04
1.535170000000000073e+04
1.543421111111111350e+04
1.551693333333333430e+04
1.559982222222222299e+04
1.568333333333333394e+04
1.576598888888888905e+04
1.585252222222222372e+04
1.593372222222222263e+04
1.601689999999999964e+04
1.610055555555555475e+04
1.618762222222222408e+04
1.626844444444444525e+04
1.635255555555555839e+04
1.643402222222222190e+04
1.652021111111111168e+04
1.660000000000000000e+04
1.668420000000000073e+04
1.676780000000000291e+04
1.685122222222222263e+04
1.693724444444444453e+04
1.702250000000000000e+04
1.710306666666666570e+04
1.719012222222222044e+04
1.727006666666666933e+04
1.735505555555555475e+04
1.743622222222222263e+04
1.752086666666666497e+04
1.760314444444444598e+04
1.768752222222222554e+04
1.777033333333333212e+04
1.785517777777777883e+04
1.793562222222222044e+04
1.801904444444444744e+04
1.810136666666666861e+04
1.818525555555555547e+04
1.826835555555555402e+04
1.835228888888888832e+04
1.843496666666666715e+04
1.851886666666666861e+04
1.860162222222222044e+04
1.868575555555555547e+04
1.876897777777777810e+04
1.885583333333333212e+04
1.893532222222222117e+04
1.902074444444444453e+04
1.910291111111111240e+04
1.918711111111110949e+04
1.926885555555555766e+04
1.935300000000000000e+04
1.943588888888889051e+04
1.951996666666666715e+04
1.960338888888889051e+04
1.969264444444444598e+04
1.977294444444444525e+04
1.985856666666666933e+04
1.993928888888888832e+04
2.002058888888889123e+04
2.010458888888889123e+04
2.019106666666666933e+04
2.027096666666666715e+04
2.035396666666666715e+04
2.043728888888889196e+04
2.052091111111111240e+04
2.060376666666667006e+04
2.068815555555555693e+04
2.077078888888889196e+04
2.085440000000000146e+04
2.093773333333333358e+04
2.102173333333333358e+04
2.110437777777777592e+04
2.118846666666666715e+04
2.127146666666666715e+04
2.135494444444444525e+04
2.145843333333333430e+04
2.153864444444444598e+04
2.162533333333333212e+04
2.170571111111111168e+04
2.178848888888888905e+04
2.187482222222222481e+04
2.195626666666666642e+04
2.205658888888888760e+04
2.213858888888889123e+04
2.222270000000000073e+04
2.230546666666666715e+04
2.239028888888888832e+04
2.247314444444444598e+04
2.256234444444444671e+04
2.264123333333333721e+04
2.272647777777777810e+04
2.280710000000000218e+04
2.289009999999999854e+04
2.297298888888888905e+04
2.306053333333333649e+04
2.313994444444444525e+04
2.322674444444444453e+04
2.330643333333333430e+04
2.339338888888889051e+04
2.347504444444444744e+04
2.355895555555555620e+04
2.369068888888888978e+04
2.384167777777777883e+04
2.394114444444444598e+04
2.402614444444444598e+04
2.412477777777778101e+04
2.420991111111111240e+04
2.430922222222222626e+04
2.439408888888889123e+04
2.447692222222222335e+04
2.457732222222222117e+04
2.465856666666666933e+04
2.477951111111111095e+04
2.485938888888889051e+04
2.496192222222222335e+04
2.504344444444444525e+04
2.512915555555555693e+04
2.522728888888888832e+04
2.531241111111111240e+04
2.541261111111111313e+04
2.549836666666666861e+04
2.557623333333333358e+04
2.566238888888889051e+04
2.574450000000000364e+04
2.582993333333333430e+04
2.590897777777777810e+04
2.600145555555555620e+04
2.607652222222222190e+04
2.616482222222222481e+04
2.624226666666667006e+04
2.633225555555555547e+04
2.641243333333333430e+04
2.649921111111111168e+04
2.657692222222222335e+04
2.667981111111111386e+04
2.676075555555555911e+04
2.684462222222222408e+04
2.694396666666666715e+04
2.703042222222222335e+04
2.712861111111111313e+04
2.721305555555555475e+04
2.729561111111111313e+04
2.739672222222222263e+04
2.747693333333333430e+04
2.757816666666666788e+04
2.766202222222222190e+04
2.776243333333333430e+04
2.784656666666666933e+04
2.792860000000000218e+04
2.802858888888889123e+04
2.811460000000000218e+04
2.821216666666666788e+04
2.829510000000000218e+04
2.837850000000000364e+04
2.847931111111111386e+04
2.856142222222222335e+04
2.866225555555555547e+04
2.874630000000000291e+04
2.884680000000000291e+04
2.892833333333333576e+04
2.901375555555555911e+04
2.911531111111111022e+04
2.920121111111111531e+04
2.930034444444444307e+04
2.938534444444444671e+04
2.946590000000000146e+04
2.955377777777777737e+04
2.963158888888888760e+04
2.972085555555555402e+04
2.979763333333333503e+04
2.988461111111111313e+04
2.996553333333333285e+04
3.004954444444444744e+04
3.013168888888889342e+04
3.021508888888888760e+04
3.029651111111111095e+04
3.039837777777777956e+04
3.049679999999999927e+04
3.058145555555555620e+04
3.066516666666666788e+04
3.074865555555555693e+04
3.084692222222222335e+04
3.093177777777777737e+04
3.103200000000000000e+04
3.115093333333333430e+04
3.125122222222222626e+04
3.136575555555555547e+04
3.144900000000000000e+04
3.155040000000000146e+04
3.163340000000000146e+04
3.177078888888889196e+04
3.185235555555555766e+04
3.193680000000000291e+04
3.201502222222222190e+04
3.212012222222222044e+04
3.220024444444444453e+04
3.228906666666666933e+04
3.236784444444444307e+04
3.245466666666666788e+04
3.253359999999999854e+04
3.261820000000000073e+04
3.270094444444444525e+04
3.278425555555555911e+04
3.286754444444445107e+04
3.296798888888888905e+04
3.305131111111111386e+04
3.315550000000000000e+04
3.323337777777777956e+04
3.331798888888888905e+04
3.342271111111111531e+04
3.350337777777777956e+04
3.360156666666667297e+04
3.368803333333334012e+04
3.378580000000000291e+04
3.387395555555555620e+04
3.395373333333332994e+04
3.405208888888888760e+04
3.413686666666666861e+04
3.422360000000000582e+04
3.430384444444444671e+04
3.438817777777777519e+04
3.447230000000000291e+04
3.455502222222222917e+04
3.463820000000000437e+04
3.472212222222222772e+04
3.480528888888889196e+04
3.488938888888889051e+04
3.496800000000000000e+04
3.505461111111111677e+04
3.513761111111110949e+04
3.521998888888888905e+04
3.530168888888889342e+04
3.539017777777778247e+04
3.548861111111110949e+04
3.556886666666666133e+04
3.567117777777777519e+04
3.575554444444444380e+04
3.583576666666667006e+04
3.593894444444444525e+04
3.601900000000000000e+04
3.612213333333333867e+04
3.620423333333333721e+04
3.628876666666667006e+04
3.638754444444444380e+04
3.647277777777778101e+04
3.707263333333333867e+04
3.730457777777777665e+04
3.752097777777777810e+04
3.775702222222222917e+04
3.813845555555555620e+04
3.843926666666667006e+04
3.872172222222222626e+04
3.898924444444444816e+04
3.934155555555556202e+04
3.964384444444444671e+04
3.994057777777778392e+04
4.020923333333333721e+04
4.044311111111111677e+04
4.077475555555555911e+04
4.106126666666667006e+04
4.142445555555556348e+04
4.172670000000000437e+04
4.199343333333333430e+04
4.226185555555555766e+04
4.252582222222222481e+04
4.282582222222222481e+04
4.316040000000000146e+04
4.344559999999999854e+04
4.371064444444444962e+04
4.409453333333334012e+04
4.434545555555556348e+04
4.469431111111111386e+04
4.509510000000000582e+04
4.544487777777778683e+04
4.572866666666667152e+04
4.602934444444444671e+04
4.631300000000000000e+04
4.661245555555555620e+04
4.701441111111111240e+04
4.738071111111110804e+04
4.771385555555555766e+04
4.795024444444444089e+04
4.818567777777778247e+04
4.848383333333333576e+04
4.875340000000000146e+04
4.906620000000000437e+04
4.939898888888889633e+04
4.966595555555555620e+04
4.991666666666667152e+04
5.015231111111111386e+04
5.040632222222222481e+04
5.060052222222222190e+04
5.082292222222222335e+04
5.098617777777778247e+04
5.120492222222222335e+04
5.145400000000000000e+04
5.165611111111111677e+04
5.188787777777777956e+04
5.218436666666666861e+04
5.246886666666666861e+04
5.271803333333334012e+04
5.296874444444444816e+04
5.321916666666666424e+04
5.355271111111111531e+04
5.380448888888888905e+04
5.402302222222222190e+04
5.420591111111111240e+04
5.439045555555555620e+04
5.457412222222222044e+04
5.475741111111111240e+04
5.502123333333333721e+04
5.527260000000000582e+04
5.549167777777778247e+04
5.570727777777778101e+04
5.597186666666666861e+04
5.630413333333333139e+04
5.649240000000000146e+04
5.684000000000000000e+04
5.714081111111111386e+04
5.739120000000000437e+04
5.775958888888889487e+04
5.797208888888888760e+04
5.826014444444444962e+04
5.850640000000000146e+04
5.887341111111111240e+04
5.919053333333333285e+04
5.952419999999999709e+04
5.985703333333333285e+04
6.014235555555555766e+04
6.042428888888889196e+04
6.083163333333333867e+04
6.117434444444445398e+04
6.144315555555555329e+04
6.177543333333334158e+04
6.207791111111111240e+04
6.242566666666667152e+04
6.276398888888888905e+04
6.315906666666666570e+04
6.349476666666667006e+04
6.377631111111111386e+04
6.403006666666667297e+04
6.428042222222223063e+04
6.446638888888888323e+04
6.472732222222222481e+04
6.499762222222222044e+04
6.526063333333333139e+04
6.558055555555556202e+04
6.584557777777778392e+04
6.611314444444444962e+04
6.631185555555555038e+04
6.654586666666666861e+04
6.679565555555555329e+04
6.706471111111111531e+04
6.724873333333333721e+04
6.743438888888889051e+04
6.759934444444444671e+04
6.780168888888889342e+04
6.799931111111110658e+04
6.823404444444444380e+04
6.841642222222223063e+04
6.860215555555555329e+04
6.879842222222223063e+04
6.899886666666666861e+04
6.921634444444444671e+04
6.941805555555554747e+04
6.959943333333333430e+04
6.980580000000000291e+04
7.001516666666667152e+04
