4.635067059246746624e+01
2.503555352227227360e+01
1.539496332269769674e+01
3.024414258008008005e+00
7.694022147147147050e-01
6.304898648648649129e-01
5.227567411161161415e-01
6.219621965715715906e-01
5.175511448948949544e-01
6.496316629129129661e-01
5.439208739989990216e-01
6.167280561811810946e-01
2.376469242680180116e+01
1.970705940315315274e+01
6.123819913663663073e+00
1.041780061311311290e+00
5.694260666916917124e-01
6.119134759759758957e-01
3.925241647897897979e-01
6.288088127189690368e+01
3.778430774524524915e-01
9.930813626126127058e-01
2.176347441191190946e+00
4.080886355105104890e+00
1.191560975037537595e+01
8.219399086586586245e-01
4.178522272272272575e-01
4.097463088088088057e+01
5.594075129817317560e+01
7.375760174236737043e+01
3.119790376313813596e+01
1.193060365052552463e+01
4.943600240865865025e+00
3.745474771646647216e+00
1.659413710585585733e+00
1.058422876001001045e+00
6.298480238050551350e+01
7.356776307557557004e+01
6.683482975162664275e+01
5.887372528778779213e+01
5.033578813188188406e+01
4.360513990553053532e+01
3.213317458083082556e+01
9.128616898148148806e+00
2.062782704579579907e+00
1.193240506131131085e+00
9.481899868618618443e-01
9.588033345845845545e-01
2.875924322760260310e+01
1.419697705518017905e+01
3.178888654279279358e+00
1.194990302802802828e+00
8.437335773273273443e-01
8.634106763013011943e-01
8.100487205955956282e-01
6.287059794169169180e+01
6.539323659597097560e+01
6.666706237487488806e+01
6.616180360047547993e+01
6.568322854104103214e+01
6.568633750938438709e+01
6.247127479041542841e+01
5.683807870370369386e+01
5.796879183871371310e+01
6.132547078328328638e+01
5.444146216529028237e+01
5.301819162912913441e+01
5.191676520270269890e+01
4.822837173110610820e+01
4.358274524524524907e+01
4.141439877377376888e+01
4.680960374436936888e+01
4.284628456581581446e+01
4.324141641641642053e+01
4.183483327077076552e+01
4.155535105417917663e+01
3.249125883696196126e+01
7.056642580080080274e-01
1.477970157657657602e-01
1.672641391391391785e-01
1.481231231231231460e-01
1.615467029529529530e-01
1.334764451951951925e-01
1.650416041041041226e-01
1.184050613113113215e+01
1.158162068318318250e+00
3.909920037224724609e+01
3.926313892017017082e+01
3.221616460210209709e+01
3.404534690940941033e+01
3.026580056619119574e+01
2.935881780217717818e+01
2.798592342342342576e+01
3.175762012012011937e+01
2.116728760010010291e+01
2.275743907970470659e+01
2.101211250312812950e+01
2.040800761699199128e+01
2.057918582645145378e+01
2.166546116428929381e+01
2.374500320633133299e+01
2.323182127439939748e+01
1.954767501876877134e+01
1.946062234109109212e+01
2.188026424862362518e+01
2.043426238738738476e+01
1.928080033158158102e+01
1.751957895395395326e+01
1.679474630880881136e+01
1.697183120620620400e+01
1.842198370245245087e+01
1.056951326326326246e+01
5.067099521396396078e+00
1.114458208208208179e+00
1.036905264639639501e+00
8.161102508758757423e-01
9.117711461461461622e-03
1.230410097597597723e-02
9.514201701701701860e-03
8.908517892892892781e-03
1.946739708458458340e+00
2.596268143143143359e-02
6.537787787787787894e-03
1.099302427427427398e-02
8.125703828828828232e-03
1.248905155155155197e-02
2.996493329266766281e+01
3.011840199574574584e+01
2.244523468781281395e+01
2.321213596408908941e+01
2.314169051864364235e+01
2.680120980355355442e+01
2.862965817379879852e+01
2.775037146521521692e+01
2.893261894707207205e+01
3.105947627314814596e+01
3.069974036536536488e+01
2.955299009947447786e+01
2.916280499249249303e+01
2.812026323198198341e+01
2.937846753003003286e+01
2.892650658470971337e+01
3.017730347535035662e+01
2.870396881256256449e+01
2.697528661473974054e+01
2.716020356293794080e+01
2.762155123873873563e+01
2.613135518330831175e+01
2.342535308746246159e+01
2.110486032907907727e+01
2.738835436999499606e+01
2.709282720220220497e+01
2.604227938876376314e+01
2.379106997622622899e+01
1.923020911536536559e+01
1.419697901026025910e+01
3.730389373748748572e+00
5.128253253253253763e-02
2.093617054554554671e-02
2.390554617117117073e-02
2.243884509509509392e-02
2.331824011511511585e-02
2.350983796296296502e-02
1.973301426426426336e-02
2.332606043543543686e-02
2.391532157157157112e-02
2.053264201701701652e-02
2.370651901901901781e-02
2.900087587587587418e-02
5.128253253253253763e-02
2.093617054554554671e-02
2.390554617117117073e-02
2.967154537349849974e+01
2.943541041041041595e+01
2.587172054867366811e+01
2.692924956206206133e+01
2.811726687625125365e+01
2.763234210773273247e+01
2.971768956456456934e+01
3.052171859359359019e+01
2.761595931869369380e+01
2.700318130630630975e+01
2.259569686874374383e+01
2.176265757945445145e+01
2.103798955205205345e+01
2.176693724974974842e+01
2.317393760948448289e+01
2.131977328891391110e+01
2.315177834084084196e+01
2.447116061373873563e+01
2.603896435497997786e+01
2.665053921108608392e+01
2.910507616991992208e+01
3.086044755693193054e+01
3.108226194944944609e+01
3.016033338025525623e+01
3.193790978478478593e+01
3.305660934371871917e+01
3.540875602164664571e+01
3.288135049111611607e+01
1.909015812687687585e+01
2.384556431431431867e-01
1.349583958958958663e-01
1.433664132882882802e-01
8.511561561561562073e+00
4.861333990240239711e-01
1.672895551801801828e-01
1.660367398648648629e-01
1.541604104104104256e-01
1.551058871371371328e-01
1.601038538538538392e-01
3.279324285222721613e+01
4.321048626751751698e+01
4.908626751751751982e+01
5.316066965402902866e+01
5.337963979604604248e+01
5.472183237925425914e+01
5.222223864489489387e+01
5.068037529717216927e+01
4.852039695945945397e+01
5.046168277652652989e+01
5.041239286161160749e+01
4.941418332394894719e+01
4.900275979104104351e+01
4.917824113175675649e+01
4.898184981856857689e+01
4.801857482482482453e+01
4.508265961273774280e+01
4.610883930805805875e+01
4.462804484171672215e+01
3.291596322885385462e+01
4.786775056306306064e-01
2.271662287287287418e-01
2.275384759759759845e-01
2.182385510510510551e-01
2.534698761261261479e-01
2.135897616366366492e-01
2.338236674174174190e-01
2.125062562562562429e-01
2.366929429429429632e-01
1.660121136761761917e+01
1.982208380255255253e+00
4.277042667667667608e-01
2.893272178428428210e-01
2.781390765765765494e-01
2.738097472472472149e-01
4.865490725100100633e+01
4.870268158783784429e+01
4.659539226726726469e+01
4.212140812687687230e+01
3.760095368806305771e+01
3.289906820883383176e+01
3.028174502627627973e+01
2.532333700888388250e+01
1.980722754004003860e+01
1.313990435748248231e+01
1.343924197635135087e+01
1.348405553991491246e+01
1.330923579829829784e+01
1.317842451826826888e+01
1.330089425362862876e+01
1.336326326326326175e+01
1.318185177364864913e+01
1.350862424924924987e+01
1.080145145145145236e+01
1.779642924174174023e-01
2.204430993493493307e-02
2.200051614114114165e-02
1.703656781781781940e-02
1.969352164664664451e-02
1.504082207207206937e-02
1.990271521521521508e-02
1.673313938938938983e-02
1.900455142642642689e-02
1.622990177677677975e-02
1.138569702515015081e+01
1.357161927552552605e+01
1.335228236048548567e+01
1.307440800175175255e+01
1.616077249124123938e+01
2.303175832082082408e+01
2.452326271584084338e+01
2.494210147647647702e+01
1.787053928928928670e+01
3.732911818068068044e+01
3.541226539039038812e+01
3.612368071196195984e+01
3.510849443193193764e+01
3.312332254129129439e+01
3.510320242117116862e+01
3.488343421546546352e+01
3.484876204329329141e+01
3.486673235735736398e+01
3.527587431181180477e+01
3.527128417479980271e+01
3.569548415603103564e+01
2.827415696946946966e+01
1.863515742304804590e+01
6.923251376376376998e-02
9.252690190190190900e-02
6.969664195445446353e+00
6.623302990490489983e-02
3.982498123123122402e-02
4.106137387387387427e-02
4.352790290290290548e-02
4.144691566566566926e-02
4.191730793293293317e-02
4.007327640140140312e-02
4.132257257257256761e-02
3.765875250250250161e-02
1.022331706706706589e+00
3.018778974286786720e+01
2.932811757069569936e+01
3.523825192379879923e+01
3.829382468405906081e+01
3.810970658158157676e+01
4.016863425925925668e+01
4.059845314064064326e+01
4.129305360047547424e+01
3.989978650525524984e+01
3.880355629066566792e+01
3.942851797109609180e+01
3.858810763888889284e+01
3.858847167479979845e+01
3.818008320820820956e+01
3.550469649336836397e+01
3.479601554679680220e+01
3.301300753878878425e+01
3.208267173423423202e+01
2.941390413851351227e+01
2.682856606606606675e+01
2.699141876251250949e+01
2.635461750813313486e+01
2.667207246308809232e+01
2.702102493118118076e+01
2.705589222034534558e+01
2.744497779029028806e+01
2.636302552552552569e+01
2.356825966591591737e+01
2.093056102977977773e+01
1.967437632945445358e+01
9.392644988738737766e+00
9.346652511886885506e+00
9.718898586086086033e-02
5.118360548048048186e-02
8.457637324824825165e-02
5.475201764264264054e-02
8.508273898898899290e-02
3.744788538538538880e+00
7.138271083583584697e-02
3.059817630130129765e-02
4.747208145645645527e-02
3.177552552552552478e-02
2.948065800175175255e+01
2.829655632194694448e+01
2.689833427177176972e+01
2.762686123623624113e+01
2.874399712212212421e+01
2.853033463150650562e+01
2.592642173423423557e+01
2.552335225850850975e+01
2.700816245933432924e+01
2.623732951701701310e+01
2.511371566879379458e+01
2.399581691066066114e+01
2.445791299111611394e+01
2.295749225788288328e+01
2.295136503691191621e+01
2.558494510135135158e+01
2.500442512825325281e+01
2.149404287099599742e+01
8.583533924549550775e+00
3.742033439689689711e+00
9.075950950950950613e-02
4.268057119619619172e-02
4.751548423423423984e-02
4.115756381381381612e-02
4.413006756756756438e-02
4.256913163163163899e-02
4.701850287787787824e-02
2.691772944819819813e+01
3.151647115865866056e+01
3.317516774587086559e+01
3.764021873435935817e+01
3.817410652840340646e+01
3.813912506256256307e+01
3.905724161661661498e+01
3.557980519582081769e+01
3.522928123435935532e+01
3.480652840340340504e+01
3.533579868931430923e+01
3.466344704079079264e+01
2.816243626438938819e+01
2.520385072572572582e+01
1.942348598598598597e-01
1.731270332832832715e-01
1.056470924049049032e+01
5.264643549799798983e-01
1.838174111611611816e-01
2.065205830830831313e-01
1.780432776526526539e-01
1.962939502002001846e-01
1.746864051551551555e-01
2.000105574324324287e-01
1.700696790540540682e-01
1.967819381881882046e-01
1.685806900650650419e-01
2.071028059309309444e-01
1.046524258633633853e+00
3.825413186624123796e+01
4.091203429992492602e+01
3.934567575387887217e+01
3.794731137387387321e+01
3.185999710648147953e+01
3.196126360735735616e+01
3.200634618993993286e+01
3.086609812937938457e+01
3.137951858108108638e+01
2.986466857482481885e+01
2.607573980230230148e+01
2.303200544294294616e+01
1.409573831644144271e+01
4.676435028778778147e+00
3.071782720220220600e-02
1.606237722097097276e+01
6.824144847972972272e+00
2.974725663163162892e+01
3.116664398773774280e+01
3.434309192004504041e+01
4.947581253128127798e+01
4.386857795295295404e+01
4.362137880067567863e+01
3.469840895583082840e+01
1.820175644394394221e-01
4.372771208708708252e-02
3.525986924424424213e-02
7.844959021521520803e+00
5.426285582457456513e+01
4.848413608921421059e+01
3.615742852227226933e+01
2.664583685247747979e+01
3.771692982044544351e+01
2.708173173173173254e+01
2.599702397710210633e+01
2.421965324699699806e+01
1.577512825325325352e+01
6.663694944944944729e-03
1.337978603603603468e-02
2.016006475225225358e+01
2.154775283095595739e+01
2.443512731481481381e+01
2.490155819882382460e+01
2.794958200387888070e+01
2.806919184809809664e+01
3.468633438125625190e+01
2.520441105167667573e+01
2.405569358420920878e+01
1.875753214151651349e+01
6.431353228228228747e-02
1.600780467967967760e-02
2.177333583583583587e-02
2.887026166791791937e+01
3.366526956644144519e+01
3.473432573198198270e+01
3.700690065065064971e+01
3.076492312625125081e+01
2.818573886386386462e+01
2.477026636011011007e+01
2.060118399649649490e+01
1.817626219969969981e-01
3.577835648148147696e-02
4.031414226726726807e-02
3.556056056056056125e-02
4.071845282782782932e-02
3.555821446446445766e-02
2.033774751313814022e+01
2.300766117680180045e+01
1.729354041541541420e+01
1.687024289914915087e+01
2.757167753691191336e+01
2.823630270895895933e+01
2.993835241491491317e+01
2.750430782344844971e+01
2.473045741053553215e+01
1.742445570570570409e-02
1.371175863363363265e-02
1.222120558058058075e-02
3.411406054491992279e+01
3.121434129441942318e+01
2.665864145395395468e+01
3.372673923923923667e+01
3.302836273773773712e+01
2.444274078766266456e+01
2.115800722597597527e+01
2.096879027464964906e+01
1.887091896584084338e+01
2.079096987612612324e+01
1.941793355855855885e-01
3.330283408408408335e-02
3.829806368868868965e-02
2.685458896396396636e-02
2.224373514139139019e+01
2.667187812812813164e+01
2.412115944069068973e+01
2.064163303928929238e+01
2.175914351851852047e+01
2.174837063626126010e+01
2.161380325638138800e+01
1.149227821571571440e+01
1.608366178678678413e-02
9.509900525525525825e-03
3.056514326826826533e+01
3.841349709084084196e+01
4.673109593968968056e+01
4.169229659346846972e+01
5.138617132757757844e+01
5.297780749499499109e+01
4.864918707770269890e+01
2.919626657907907763e-01
1.954865021271271208e-01
3.515988644894895154e-01
2.458278591091090926e-01
4.862959873936436139e+01
3.319718742179679793e+01
2.999999726288788793e+01
2.940231911599099135e+01
2.870355863676176256e+01
2.682019284909910084e+01
2.407909941191191194e+01
2.448092350162662711e+01
2.111827608858859051e+01
4.281117054554554879e-02
1.904873623623623557e-02
2.830643143143142873e-02
2.203257945445445329e-02
2.333544051864364377e+01
2.728758797860360730e+01
1.648792738050550355e+01
1.536100319069068831e+01
2.388281680117617611e+01
1.840080901213713460e+01
1.104762575075074915e+00
1.449777902902902871e-01
4.772741491491492433e-02
4.394198886386386366e-02
3.786325387887887889e-02
4.413280467967967829e-02
