1.965444444444444798e+02
8.368888888888891131e+01
8.422222222222222854e+01
8.456666666666666288e+01
8.206666666666666288e+01
8.484444444444443434e+01
8.287777777777779420e+01
8.363333333333332575e+01
8.311111111111108585e+01
8.345555555555552019e+01
8.292222222222221717e+01
1.016555555555556793e+02
8.406666666666660603e+01
1.016222222222222626e+02
7.976666666666665151e+01
8.517777777777769188e+01
8.327777777777782831e+01
8.306666666666660603e+01
8.261111111111131322e+01
1.030777777777777828e+02
7.821111111111099490e+01
8.646666666666669698e+01
8.200000000000000000e+01
8.537777777777773736e+01
8.391111111111149512e+01
1.502999999999997272e+02
8.427777777777782831e+01
8.176666666666687888e+01
8.111111111111085847e+01
8.596666666666669698e+01
1.132555555555554747e+02
1.034000000000000909e+02
9.807777777777755546e+01
8.576666666666687888e+01
8.630000000000018190e+01
8.135555555555538376e+01
7.974444444444407054e+01
8.620000000000027285e+01
8.082222222222208075e+01
8.598888888888905058e+01
8.064444444444416149e+01
8.875555555555592946e+01
7.816666666666651508e+01
8.607777777777801020e+01
8.096666666666669698e+01
8.568888888888886868e+01
8.088888888888868678e+01
8.336666666666633319e+01
8.486666666666678793e+01
8.539999999999963620e+01
8.093333333333339397e+01
8.666666666666696983e+01
8.197777777777810115e+01
8.544444444444434339e+01
7.794444444444434339e+01
8.705555555555565661e+01
8.015555555555602041e+01
8.667777777777791925e+01
8.006666666666569654e+01
8.665555555555602041e+01
8.161111111111131322e+01
8.588888888888959627e+01
8.039999999999872671e+01
8.581111111111204082e+01
8.058888888888850488e+01
8.338888888888868678e+01
8.314444444444507099e+01
8.394444444444434339e+01
8.324444444444452529e+01
8.435555555555492901e+01
8.285555555555583851e+01
8.316666666666696983e+01
8.297777777777719166e+01
8.422222222222262644e+01
8.266666666666696983e+01
8.511111111111040373e+01
8.155555555555565661e+01
8.561111111111131322e+01
8.369999999999981810e+01
8.145555555555529281e+01
8.382222222222299024e+01
8.802222222222189885e+01
7.883333333333303017e+01
8.587777777777773736e+01
8.091111111111149512e+01
8.661111111111131322e+01
8.045555555555529281e+01
8.568888888888886868e+01
8.113333333333321207e+01
8.532222222222299024e+01
8.217777777777700976e+01
8.281111111111113132e+01
8.240000000000054570e+01
8.636666666666587844e+01
8.023333333333357587e+01
8.434444444444397959e+01
8.727777777777828305e+01
8.182222222222117125e+01
7.981111111111204082e+01
8.423333333333357587e+01
8.297777777777628216e+01
8.723333333333539485e+01
7.984444444444488909e+01
8.626666666666460515e+01
8.251111111111094942e+01
8.520000000000072760e+01
8.033333333333393966e+01
8.663333333333321207e+01
7.997777777777810115e+01
8.321111111110985803e+01
8.371111111111349601e+01
8.519999999999708962e+01
8.223333333333539485e+01
8.297777777777810115e+01
8.488888888888868678e+01
8.757777777777846495e+01
7.772222222222080745e+01
8.315555555555511091e+01
8.467777777777882875e+01
8.524444444444452529e+01
8.141111111111058563e+01
8.470000000000072760e+01
8.304444444444379769e+01
8.434444444444307010e+01
8.611111111111313221e+01
7.785555555555401952e+01
8.645555555555620231e+01
7.989999999999963620e+01
8.465555555555692990e+01
8.489999999999963620e+01
8.113333333333321207e+01
8.574444444444452529e+01
8.135555555555401952e+01
8.571111111111167702e+01
8.121111111111167702e+01
8.670000000000072760e+01
8.012222222222226264e+01
8.314444444444416149e+01
8.312222222222226264e+01
8.596666666666533274e+01
8.130000000000109139e+01
8.586666666666678793e+01
8.109999999999854481e+01
8.557777777777846495e+01
8.076666666666642413e+01
8.345555555555620231e+01
8.284444444444488909e+01
8.382222222222299024e+01
8.292222222221971606e+01
8.491111111111240461e+01
8.268888888888795918e+01
8.315555555555511091e+01
8.296666666666715173e+01
8.805555555555656611e+01
7.862222222222226264e+01
8.881111111111204082e+01
7.985555555555401952e+01
8.578888888889014197e+01
8.357777777777846495e+01
8.422222222222080745e+01
7.954444444444379769e+01
8.728888888888832298e+01
8.222222222222262644e+01
8.597777777777810115e+01
8.012222222222226264e+01
8.422222222222262644e+01
8.332222222222299024e+01
8.446666666666533274e+01
8.421111111111167702e+01
8.483333333333393966e+01
8.023333333333175688e+01
8.002222222222371784e+01
8.650000000000000000e+01
8.051111111111094942e+01
8.658888888888941437e+01
8.039999999999781721e+01
8.277777777777919255e+01
8.385555555555583851e+01
8.268888888888795918e+01
8.657777777777846495e+01
8.012222222222226264e+01
8.626666666666642413e+01
8.251111111111276841e+01
8.272222222222080745e+01
8.288888888888868678e+01
8.351111111111094942e+01
8.265555555555511091e+01
8.653333333333466726e+01
8.119999999999890861e+01
8.317777777777700976e+01
8.365555555555511091e+01
8.706666666666933452e+01
8.082222222222117125e+01
8.411111111111313221e+01
8.146666666666351375e+01
8.618888888888977817e+01
7.978888888888832298e+01
8.420000000000072760e+01
8.360000000000218279e+01
8.342222222221971606e+01
8.602222222222189885e+01
8.525555555555547471e+01
8.056666666666569654e+01
8.705555555555474712e+01
7.994444444444889086e+01
8.498888888888541260e+01
8.116666666666787933e+01
8.464444444444234250e+01
8.227777777778101154e+01
8.437777777777955635e+01
8.281111111110658385e+01
8.484444444444670808e+01
8.044444444444161491e+01
8.342222222222699202e+01
8.232222222222117125e+01
8.388888888888686779e+01
8.309999999999854481e+01
8.393333333333430346e+01
8.267777777777882875e+01
8.390000000000145519e+01
8.275555555555183673e+01
8.413333333333503106e+01
8.322222222222262644e+01
8.685555555555401952e+01
7.948888888888905058e+01
8.542222222222335404e+01
8.216666666666787933e+01
8.419999999999708962e+01
8.174444444444816327e+01
8.414444444444234250e+01
8.288888888889050577e+01
8.407777777777664596e+01
8.342222222222335404e+01
8.925555555555547471e+01
8.029999999999927240e+01
8.562222222222408163e+01
8.072222222221898846e+01
8.130000000000291038e+01
8.400000000000000000e+01
8.647777777777810115e+01
7.989999999999781721e+01
8.300000000000000000e+01
8.332222222222480923e+01
8.362222222222044365e+01
8.285555555555765750e+01
8.438888888888686779e+01
8.263333333333503106e+01
8.361111111110949423e+01
8.333333333333212067e+01
8.400000000000000000e+01
8.264444444444234250e+01
8.408888888889123336e+01
8.300000000000000000e+01
8.347777777777810115e+01
1.034888888888890506e+02
8.021111111111167702e+01
8.668888888888614019e+01
8.037777777777955635e+01
8.277777777777737356e+01
8.633333333333575865e+01
8.144444444444161491e+01
1.003222222222211713e+02
8.200000000000363798e+01
8.411111111110949423e+01
8.276666666666642413e+01
8.482222222222117125e+01
8.285555555555765750e+01
8.920000000000072760e+01
7.888888888889050577e+01
8.524444444444088731e+01
8.062222222222408163e+01
8.299999999999636202e+01
8.288888888889050577e+01
8.754444444444743567e+01
7.941111111110876664e+01
8.679999999999927240e+01
7.968888888888977817e+01
8.695555555555620231e+01
8.165555555555692990e+01
8.391111111110876664e+01
1.317333333333335759e+02
1.509888888888890506e+02
9.946666666666715173e+01
8.500000000000000000e+01
9.863333333333503106e+01
8.513333333333139308e+01
9.931111111111385981e+01
8.486666666666496894e+01
8.283333333333212067e+01
1.003999999999978172e+02
8.124444444444816327e+01
1.209444444444416149e+02
7.987777777777955635e+01
1.025333333333328483e+02
8.152222222222189885e+01
8.571111111111167702e+01
9.813333333333139308e+01
8.512222222222408163e+01
1.002000000000007276e+02
8.575555555555547471e+01
7.786666666666496894e+01
8.615555555555692990e+01
8.211111111111313221e+01
8.543333333333066548e+01
7.904444444444379769e+01
9.247777777777810115e+01
7.506666666666569654e+01
8.830000000000291038e+01
7.744444444444525288e+01
8.998888888888541260e+01
8.017777777777882875e+01
8.677777777777737356e+01
7.771111111111167702e+01
1.028888888888905058e+02
8.094444444444525288e+01
8.386666666666496894e+01
9.934444444444307010e+01
8.645555555555620231e+01
9.818888888888977817e+01
8.444444444444161491e+01
8.255555555555838509e+01
1.011111111111094942e+02
8.021111111111167702e+01
1.012333333333335759e+02
8.385555555555401952e+01
1.004111111111124046e+02
8.413333333333503106e+01
8.203333333333284827e+01
9.998888888888905058e+01
8.601111111111094942e+01
9.756666666666569654e+01
8.293333333333430346e+01
8.340000000000145519e+01
1.008111111111102218e+02
8.211111111110949423e+01
1.008333333333321207e+02
8.404444444444743567e+01
1.005000000000000000e+02
8.153333333333284827e+01
8.542222222222335404e+01
1.015555555555511091e+02
8.590000000000509317e+01
9.913333333332775510e+01
8.500000000000363798e+01
8.055555555555474712e+01
8.787777777777591837e+01
7.781111111111022183e+01
8.926666666666642413e+01
7.677777777778101154e+01
8.697777777777810115e+01
8.092222222221971606e+01
8.401111111111458740e+01
8.214444444444598048e+01
8.339999999999417923e+01
8.142222222222335404e+01
1.018666666666686069e+02
9.842222222221971606e+01
8.465555555555692990e+01
8.371111111111167702e+01
8.348888888888905058e+01
9.826666666666642413e+01
8.485555555555401952e+01
1.002222222222226264e+02
1.189333333333343035e+02
1.002888888888919610e+02
1.145333333333292103e+02
8.324444444444452529e+01
1.014000000000014552e+02
8.300000000000000000e+01
1.373888888888905058e+02
8.156666666666569654e+01
8.444444444444525288e+01
7.822222222221898846e+01
1.050999999999985448e+02
8.012222222222408163e+01
8.882222222222480923e+01
7.877777777777373558e+01
8.682222222222480923e+01
7.893333333333066548e+01
8.460000000000218279e+01
8.274444444444452529e+01
8.331111111111385981e+01
8.328888888889196096e+01
1.004444444444379769e+02
8.332222222222480923e+01
1.041888888888861402e+02
7.787777777777955635e+01
8.461111111110949423e+01
1.047222222222262644e+02
8.066666666666424135e+01
9.818888888889341615e+01
8.646666666666715173e+01
9.776666666666278616e+01
8.815555555555329192e+01
7.977777777777373558e+01
9.835555555555765750e+01
8.477777777778101154e+01
8.673333333333721384e+01
8.024444444444088731e+01
8.433333333332848269e+01
8.412222222222771961e+01
8.272222222222626442e+01
8.317777777777519077e+01
8.392222222222335404e+01
8.316666666666424135e+01
8.409999999999854481e+01
7.861111111110949423e+01
8.661111111111677019e+01
8.299999999999272404e+01
8.237777777777955635e+01
8.170000000000436557e+01
8.848888888888905058e+01
9.843333333332702750e+01
8.025555555555183673e+01
1.023111111111138598e+02
8.436666666666860692e+01
8.022222222222626442e+01
1.031777777777751908e+02
8.005555555555474712e+01
1.031333333333386690e+02
8.209999999999854481e+01
8.453333333333284827e+01
9.877777777777373558e+01
8.523333333333721384e+01
5.998555555555576575e+02
2.319444444444379769e+02
2.164000000000014552e+02
2.360444444444510737e+02
3.814333333333270275e+02
3.008111111111138598e+02
2.824555555555562023e+02
2.675222222222218988e+02
3.523111111111138598e+02
3.022888888888846850e+02
2.967333333333372138e+02
2.686555555555532919e+02
2.338777777777795563e+02
3.316444444444423425e+02
2.865111111111109494e+02
3.631888888888934162e+02
3.022444444444408873e+02
2.667333333333299379e+02
2.684222222222233540e+02
2.639666666666671517e+02
3.000000000000000000e+02
3.345777777777766460e+02
2.851999999999970896e+02
2.650444444444510737e+02
3.838888888888905058e+02
2.509222222222233540e+02
3.488555555555503815e+02
4.007888888888919610e+02
3.497777777777810115e+02
2.837888888888846850e+02
3.006777777777751908e+02
2.836555555555532919e+02
2.994555555555562023e+02
4.019555555555562023e+02
3.662999999999956344e+02
3.331444444444496185e+02
2.363888888888832298e+02
2.354333333333415794e+02
2.981555555555532919e+02
2.695666666666656965e+02
3.128000000000029104e+02
3.327888888888919610e+02
2.669666666666598758e+02
2.507111111111153150e+02
2.356444444444423425e+02
2.540111111111109494e+02
1.941999999999970896e+02
2.224000000000014552e+02
1.632555555555591127e+02
2.187444444444408873e+02
2.490777777777766460e+02
2.021111111111167702e+02
2.317666666666627862e+02
2.964888888888890506e+02
2.845000000000000000e+02
2.491666666666715173e+02
2.507111111111080390e+02
2.504222222222160781e+02
3.335444444444510737e+02
2.517777777777737356e+02
2.185333333333328483e+02
1.828888888888905058e+02
1.845444444444437977e+02
1.836666666666642413e+02
1.832888888888919610e+02
2.638222222222248092e+02
2.513666666666686069e+02
2.190777777777766460e+02
2.155999999999985448e+02
2.645888888888875954e+02
3.322666666666627862e+02
1.882666666666700621e+02
3.475999999999985448e+02
3.008111111111138598e+02
2.503888888888905058e+02
3.683888888888905058e+02
2.124999999999927240e+02
2.880555555555620231e+02
2.462555555555518367e+02
3.670111111111109494e+02
3.171222222222204437e+02
3.336666666666642413e+02
3.328333333333357587e+02
2.853222222222248092e+02
2.819333333333343035e+02
4.073444444444467081e+02
3.427111111111153150e+02
2.688111111110993079e+02
3.322777777777882875e+02
3.024777777777708252e+02
3.477555555555591127e+02
3.383222222222175333e+02
3.950777777777766460e+02
3.357000000000043656e+02
2.815444444444437977e+02
2.537555555555591127e+02
2.503555555555576575e+02
1.859666666666525998e+02
2.609333333333415794e+02
2.702999999999956344e+02
2.630111111111109494e+02
3.199222222222306300e+02
2.650222222222218988e+02
2.675666666666656965e+02
1.987111111111007631e+02
2.340111111111182254e+02
2.497888888888846850e+02
2.690555555555620231e+02
1.840222222222218988e+02
1.856555555555532919e+02
1.649555555555562023e+02
2.023444444444467081e+02
1.976222222222131677e+02
2.347333333333372138e+02
1.823777777777868323e+02
1.857333333333226619e+02
1.962666666666773381e+02
2.004444444444379769e+02
2.174777777777781012e+02
2.017111111111007631e+02
1.813777777777868323e+02
2.063666666666686069e+02
2.093666666666686069e+02
