5.824758000187687657e+01
4.532514272084583951e+01
2.725952554116616611e+01
1.937616249061562002e+01
6.714091435185185475e+00
2.556754019644644771e+00
1.054199120995995997e+00
1.097260932807807787e+00
9.166529811061060462e-01
1.011918559184184163e+00
9.151381850600599499e-01
1.032351883133133308e+00
4.040706722347347579e+01
3.075017830330330781e+01
2.270445562750250090e+01
2.006979635885885926e+01
5.784228760010009296e+00
1.690946415165165417e+00
8.722883039289289764e-01
8.902535347847848612e-01
8.884873154404404616e-01
9.876712650150150097e-01
9.703011605355356117e-01
1.159704235485485624e+00
3.465994744744745049e+01
5.610045045045045242e+01
6.868129809496997495e+01
6.760053490990989644e+01
6.733815338776277315e+01
6.559748967717717960e+01
6.341138638638638270e+01
6.153994776026026869e+01
6.057230277152151388e+01
5.987506021646645848e+01
5.910343546671671078e+01
5.716584866116116359e+01
5.800353204767268522e+01
5.641355457019518838e+01
5.265519464777278102e+01
5.108750156406406262e+01
4.772837603228228431e+01
4.283511793043042815e+01
4.017917644206706740e+01
3.531533369306806946e+01
3.249856145207707669e+01
4.026246950075075404e+01
2.699272280092592524e+01
2.232081026338838825e+01
1.874308761886886998e+01
9.786378566066066043e+00
1.257530968468468235e-01
3.639616178678679176e-02
2.691597847847847572e-02
2.093460648148148112e-02
2.342655155155155128e-02
2.549424424424424213e-02
2.065229291791791447e-02
2.370769206706706961e-02
5.356651964464464122e+00
4.840035347847847919e-02
3.023499280530530697e+01
2.577387739301801517e+01
2.160990248060560504e+01
2.324899508883883925e+01
2.349821735798298405e+01
2.280934489176676649e+01
2.312344219219218999e+01
2.106099341529028734e+01
2.117624538601101136e+01
2.359139569256756985e+01
2.146613527590090342e+01
2.100402863801301478e+01
2.453576427990490316e+01
2.278122028278277966e+01
2.665977735548047889e+01
2.659488824762262382e+01
2.723190221471471517e+01
2.605296351038538560e+01
2.750002776213713673e+01
2.595048251376376314e+01
2.533262090215215068e+01
2.232684520457958044e+01
2.094625211148648702e+01
2.119579032157157172e+01
2.598075653778778715e+01
2.114897358295795726e+01
1.220293262012011937e+01
3.971236861861861950e-02
3.435310310310309839e-02
3.802396146146146128e-02
3.603134384384384242e-02
3.633477227227227546e-02
3.295287474974975539e-02
3.572283220720719882e-02
3.423853541041040754e-02
3.662686123623623557e-02
3.917710288413413178e+00
6.042370495495495014e-02
4.073011292542542350e+00
3.349162912912913015e+01
5.108011722660160103e+01
4.612328969594594952e+01
4.204033212900400684e+01
2.700863441566566792e+01
3.057174831081080768e+01
3.311743501313814164e+01
3.363220642517517689e+01
3.282745245245245513e+01
3.096615482670170039e+01
2.836658220720720536e+01
2.755715246496496462e+01
2.897575661599099561e+01
2.989128425300300052e+01
2.963286724224224500e+01
2.848837352977978199e+01
2.764041150525525836e+01
2.985333575763263170e+01
2.973184786348848618e+01
3.138132585710710742e+01
2.490797086148648987e+01
2.134395332832832892e+01
2.054274235172672647e+01
1.457864739739739868e+01
1.510643455955955894e-01
5.832003878878878889e-02
5.063657407407406996e-02
4.827249124124123603e-02
5.973668981481480844e-02
5.036442692692692791e-02
5.534049674674675068e-02
4.836672610110109849e-02
5.437742429929930121e-02
3.943745698823823531e+00
1.545804046233733686e+01
2.625947783721221285e+01
2.305599974974974842e+01
2.252255145770770994e+01
2.248848223223223286e+01
2.143711054804805016e+01
2.024152746496496391e+01
1.994448589214214351e+01
2.281576654779779645e+01
2.194667519081581730e+01
2.110785942192192266e+01
2.247794239552051820e+01
2.398319334959959903e+01
2.454769144144144022e+01
2.576867961711711885e+01
2.232094790102602744e+01
2.635800096971971840e+01
2.936479135385385320e+01
3.146141688563563221e+01
3.415385189877377314e+01
3.572319624311811026e+01
3.757655194256756204e+01
3.864676551551551853e+01
4.141730089464464726e+01
4.336284174799799729e+01
4.706579430993493673e+01
5.011228181306306340e+01
5.041740255880880994e+01
4.991947103353353299e+01
5.035956034159159600e+01
4.966108725913413480e+01
4.884556275025025229e+01
4.662125484859859625e+01
4.715029365302802944e+01
4.652195554929929955e+01
4.887689955580580659e+01
3.784088619869869774e+01
3.433992547234734616e+01
9.626536692942943008e-01
2.358315346596596973e-01
2.238242148398398301e-01
2.157649837337337340e-01
2.410523805055055091e-01
2.165548360860860555e-01
2.291999030280280625e-01
2.078113269519519801e-01
4.973848614239238941e+01
5.227964722535035236e+01
5.218872661724223860e+01
5.150002737112112072e+01
4.929398695570570510e+01
4.921420795795795300e+01
5.058505614989989851e+01
5.210193631131130587e+01
5.177330416353854758e+01
4.977119736924424132e+01
4.612763466591591310e+01
4.315485250875875778e+01
3.967064095345345009e+01
3.773949066253754125e+01
3.488765406031031802e+01
3.248977805930930884e+01
3.063947736799299193e+01
2.938213174111611892e+01
2.610563962399900007e+01
2.407498396834333931e+01
2.219572854104104209e+01
2.002864231418919161e+01
1.747391453953953899e+01
1.509334295232732792e+01
1.349205064439439461e+01
1.345872630442942963e+01
1.312290219907407440e+01
1.337663874812312237e+01
1.315514928991491495e+01
9.958187875375374531e+00
7.228423345220219787e+00
9.173509446946945256e-02
2.319937124624624550e-02
1.754762575075075048e-02
2.629348098098097802e-02
2.034847347347347457e-02
2.319937124624624897e-02
2.218260056931931956e+00
1.799025588088088226e-02
7.710053803803804465e-03
7.320992867867867973e-03
1.149313375875875981e-02
1.303509955267767673e+01
1.323937922297297298e+01
1.306990662537537595e+01
1.322905874624624722e+01
1.139723747184684655e+01
1.338740850225225110e+01
1.319582981418918877e+01
1.309899117867867702e+01
1.718785074136636837e+01
1.958497208145645629e+01
1.965495417292292046e+01
1.804157595095094990e+01
2.389254136949449503e+01
2.718564541103603815e+01
3.253938352414914448e+01
3.331707606043543990e+01
3.281118266704204700e+01
3.296381185873373454e+01
3.279747716466466301e+01
3.252295655030030019e+01
3.317564165728228431e+01
3.320357271333833893e+01
3.487270747309810304e+01
3.507040243368367527e+01
2.903325239301801730e+01
2.240129543606105855e+01
1.022815784534534533e-01
5.651745495495495708e-02
7.993305805805805964e-02
5.929366866866866287e-02
7.916862174674675623e-02
9.021961414539537927e+00
2.797035316566566232e-01
8.110962525025024183e-02
8.175988488488487860e-02
3.265282274461962686e+01
3.531701701701702234e+01
3.602670209271771995e+01
3.912053420608108212e+01
4.037960186749248948e+01
3.869248858233233790e+01
3.912155827702702737e+01
3.937361228415915804e+01
3.951559762887887217e+01
3.909410347847847333e+01
3.860284307745245513e+01
4.022644011198698877e+01
3.957885776401401756e+01
3.788937609484484881e+01
3.738236009446946895e+01
3.724735282157157457e+01
3.683274250813312989e+01
3.538316715152652847e+01
3.439160918731231220e+01
3.313835906218719174e+01
3.149965160472972414e+01
2.707738832582582589e+01
2.643924158533533131e+01
2.608585577765265384e+01
2.638572869744745120e+01
2.618094539852352298e+01
2.665228548861361446e+01
2.854280178616116004e+01
2.687616679179179258e+01
2.298977610422922524e+01
1.916671397960460510e+01
1.352798423423423557e+01
9.838258962087087056e+00
6.397608546046046341e-02
2.953969594594594780e-02
3.032524712212212453e-02
2.875023460960960536e-02
3.859914602102102604e-02
2.597245683183183398e-02
3.779247997997997599e-02
3.057163022397397256e+01
3.023039914914915016e+01
2.856174846721721750e+01
2.913260682557557857e+01
2.665698628315816165e+01
2.591358076826826817e+01
2.571177153716216068e+01
2.607493861048548212e+01
2.608604502940440639e+01
2.624112471846846262e+01
2.541984054366866630e+01
2.518499397835335429e+01
2.461388145958459006e+01
2.385481575325325565e+01
2.282679593656156314e+01
2.157855941879379458e+01
2.292972855668168464e+01
2.236557143080580801e+01
2.285719195758258238e+01
2.423654201076076120e+01
2.437377611986986992e+01
2.449290696946946966e+01
2.161967905405405332e+01
2.345081018518518334e+01
2.483498420295295261e+01
2.698495995995995855e+01
2.792358178490990639e+01
2.757089706894394254e+01
2.018038155342842899e+01
1.353768768768768638e+01
7.591067630130131361e-02
6.784636198698698606e-02
6.378018643643643126e-02
7.263396208708708390e-02
6.122646083583583448e-02
7.857779654654654944e-02
5.654990928428428598e-02
7.181478353353354382e-02
3.301104698448448715e+01
3.933868204141641911e+01
3.750749538601100852e+01
3.886656578453453648e+01
3.777058464714715313e+01
3.485602438375875778e+01
3.504072901026026443e+01
3.531630419481982130e+01
3.548562390515515119e+01
3.520867781844344080e+01
3.494824551113613609e+01
3.535554069694694590e+01
3.567454094719719393e+01
3.539916009759760129e+01
3.617186952577577586e+01
3.572333192567567295e+01
3.575553874186686443e+01
3.535315315315315843e+01
3.548961226851851336e+01
3.265844907407407050e+01
3.337306329767267954e+01
2.524630802677677721e+01
7.218757820320320651e-01
2.014882069569569611e-01
1.576736893143143026e-01
1.853881224974975039e-01
1.119928795983483383e+01
7.246523867617616910e-01
2.218265140140140423e-01
2.227332801551551444e-01
8.234379692192192124e+00
4.176757304179179187e+01
3.752750758571071543e+01
3.098329266766767276e+01
3.242323847284784932e+01
3.163988715277777430e+01
3.435596690440440426e+01
2.943236791478978986e+01
3.202877916979479522e+01
1.873302716779279464e+01
1.760693936123623971e+01
1.682676895645645487e+01
1.603434567379879994e+01
1.621199324324324209e+01
1.767575192379879923e+01
1.741923290477977915e+01
2.333035183621121078e+01
2.343996770207708025e+01
2.292728627064564506e+01
3.064673423423423770e+01
3.027867594156656494e+01
3.091952929491992208e+01
3.201863895145145023e+01
3.153925487987988063e+01
3.128771466779279464e+01
2.913759736298798941e+01
2.711163194444444713e+01
2.759745917792792724e+01
2.486266227164664855e+01
1.810213729354354228e+01
3.648906719219219275e-01
8.421429241741740235e-02
7.776585178928927533e+00
3.798528997747747660e-01
1.051852633883883781e-01
9.612229416916916180e-02
9.726093280780780115e-02
9.087204391891890998e-01
2.318329814189188909e+01
3.437872129942442712e+01
4.300723731544044171e+01
4.253018682745244661e+01
4.284420670670670717e+01
3.326704399712212279e+01
3.501228220407907799e+01
3.634990459209209490e+01
3.436208904216717031e+01
3.656478392454955184e+01
3.794984476664163964e+01
3.765793449699699380e+01
3.037295889639639768e+01
2.858799893643643841e+01
2.584075325325325068e+01
2.533637661098598315e+01
2.442779146333834106e+01
2.266273734672171969e+01
2.138171843718718534e+01
1.999120253065565578e+01
2.015984812937938031e+01
2.107732576326326424e+01
2.115441496183683512e+01
2.370438250750750697e+01
2.318909182620120291e+01
2.005591568130630620e+01
2.031590066629129154e+01
2.020568380880880710e+01
1.558545068506005826e+01
1.333854127565065006e+01
1.692744893330830891e+01
1.333334780092592631e+01
1.780916150525525765e+01
9.885091341341341931e+00
1.399539656844344293e+01
1.043170592467467372e+01
5.577530655655656144e-02
2.879129129129128981e-02
1.795310935935936006e-02
2.490459209209209060e-02
2.022999562062061801e-02
2.212055805805806033e-02
2.093013325825825888e+00
2.240599974974975123e-02
1.113588432182181975e+01
2.141307596659158818e+01
2.232634353103102853e+01
1.945476531218718819e+01
1.863970337525024945e+01
2.102726046358858625e+01
1.938671132069569936e+01
1.738282501251251233e+01
1.987802138075575442e+01
1.971956526839338864e+01
1.896328085898398541e+01
1.690666916916917017e+01
2.053095321884384461e+01
2.359903301739239012e+01
2.346310099161661711e+01
2.337918504441941892e+01
2.197732537224725036e+01
2.185077186561561291e+01
2.081972832207207347e+01
2.524334490740740833e+01
2.235844946509008935e+01
1.890316957582582447e+01
1.915955330330330497e+01
1.895926434246746695e+01
1.899758156594094061e+01
1.921505607169669716e+01
1.857261011011011220e+01
1.906652003566065900e+01
9.223004645270270530e+00
2.318803178178178298e-02
1.115334084084084083e-02
1.896857795295295301e-02
8.537834709709710493e-03
1.450121996996996988e-02
1.805176661036035801e+00
2.159425050050050102e-02
1.130935623123123165e-02
9.419184809809808337e-03
1.230370995995995996e-02
9.717139014014015280e-03
2.590523101226226288e+01
2.865620386011011078e+01
3.026476789289289471e+01
3.170913843531031162e+01
3.081709209209209277e+01
2.918312531281281252e+01
3.182056587837837469e+01
3.266639412850350510e+01
3.124175308120620542e+01
3.267308441253753415e+01
3.229889889889889787e+01
2.803301856544043602e+01
2.693027558808808664e+01
2.623948831644144164e+01
2.643272882257257450e+01
2.601259227977977773e+01
2.557688391516516191e+01
2.517524868618618683e+01
2.308696000688188121e+01
2.147688039602102350e+01
2.099099059997497463e+01
2.140510002189689942e+01
1.953196282219719748e+01
1.363962947322322350e+01
8.414576295045044674e+00
5.329039977477477430e-02
3.663507257257257038e-02
3.903591091091091619e-02
3.633438125625625126e-02
4.054484171671671189e-02
3.198342092092091971e+00
5.791103603603603434e-02
3.295443881381381057e-02
3.081088901401401320e-02
2.674745057557557579e-02
3.603251689189189422e-02
1.724951005693193196e+01
2.173678952389890284e+01
2.291651495245245229e+01
2.076180125437937818e+01
1.801912263826326210e+01
1.525230034722222250e+01
1.550657688938938961e+01
1.510011378566066043e+01
1.515530061311311094e+01
1.641001313813814022e+01
1.949597488113112931e+01
1.858191746433933744e+01
2.022496910973473661e+01
2.474495589339339574e+01
2.584224380630630691e+01
2.725671061686686869e+01
2.668752893518518476e+01
2.484218789101601743e+01
2.366419505442942750e+01
2.354682573198198270e+01
2.604471815565565507e+01
2.507488425925926023e+01
2.445983483483483667e+01
2.364610626251251446e+01
1.830863910785786075e+01
3.189283033033032955e-02
1.994220783283283741e-02
2.649759134134134150e-02
1.555461711711711437e-02
2.678029592092092195e-02
1.940492445570570768e+00
2.199230480480480338e-02
9.914211086086087074e-03
1.070640953453453302e-02
1.111267517517517539e-02
1.021451138638638720e-02
2.448542566003503396e+01
2.921565354416917160e+01
2.974417738050550497e+01
2.916811694507007147e+01
2.953513709021520839e+01
3.076733804116616255e+01
3.004190440440440213e+01
3.137221713901401543e+01
3.302762997372371956e+01
3.004058746246246159e+01
3.187389498873873706e+01
3.145805962212212847e+01
2.672407563813813880e+01
2.428204298048048315e+01
2.018053013951451646e+01
2.441651182432432421e+01
2.246367695820820742e+01
2.370821993868868915e+01
2.263691191191191265e+01
1.937981575325325423e+01
1.796724537037036740e+01
2.080893667104604816e+01
2.185233436561561859e+01
1.580736908783783967e+01
5.690796265015015010e+00
5.793254191691691452e-02
3.404302740240240654e-02
3.891586899399399058e-02
2.967811561561561201e-02
3.820695695695695837e-02
2.026494072197197127e+00
3.379355918418418259e-02
1.872849411911911913e-02
1.522225350350350087e-02
1.306950309684684841e+00
2.451083896396396428e-02
2.012754942442442421e-02
1.880982545045045001e-02
1.752819811999499322e+01
1.890919982482482453e+01
1.731294028403403473e+01
2.019816730793293402e+01
2.590586406719219426e+01
2.308979448198198270e+01
2.076919184809809948e+01
2.056264545795795939e+01
2.123913131881882066e+01
2.107710757632632337e+01
2.388330674424424416e+01
2.250474458833833680e+01
2.150654404404404829e+01
2.046006397022022227e+01
2.093641297547547708e+01
1.998281836524024158e+01
2.017156844344344435e+01
1.865797007945445429e+01
1.793039250187687728e+01
1.814960624687186908e+01
1.986387676739239438e+01
1.809377346096096062e+01
1.778206214026526411e+01
1.162648586086086056e+01
6.069923048048047498e+00
1.569616491491491322e-02
8.222284784784785611e-03
1.100201764264264158e-02
8.101566410160159215e-01
1.439564564564564490e-02
5.414007757757757777e-03
6.107279154154154899e-03
8.297750875875876606e-03
5.213416541541541008e-03
6.208161286286286579e-03
7.400760135135134136e-03
6.407188438438438625e-03
7.005442942942943091e-03
5.912553178178178888e-03
6.107279154154154899e-03
1.351664164164164371e-02
2.173010041291291827e+01
2.219672915102602673e+01
2.853804155718217928e+01
3.103483913601101207e+01
3.313341779279279109e+01
3.406012966091090988e+01
3.561526213713713673e+01
3.696576302865366159e+01
3.803676528090591091e+01
3.696705064439439781e+01
3.584568943943943253e+01
3.522515015015014939e+01
3.833494549236736759e+01
3.744846839026526908e+01
4.134977008258258024e+01
4.081571415165164751e+01
4.279115834584584377e+01
4.552731598786286327e+01
3.971309238926426843e+01
3.814366123936436281e+01
2.104599091278778644e+01
1.237202045795795791e-01
8.550816441441440319e-02
4.652189689689690155e+00
8.101343531031031386e-02
1.079344969969969897e-01
1.367445570570570701e-01
2.337235673173173045e-01
2.671030405405405150e-01
2.996187593843844255e-01
3.100240318443443499e+01
5.021387911348848831e+01
4.859722574136636553e+01
4.786423923923923951e+01
4.847184645583082840e+01
4.433694553928928883e+01
3.985620972535035378e+01
3.653504324637136591e+01
3.008492515953452795e+01
2.895770770770770852e+01
2.678833169106606604e+01
2.644528200075075119e+01
2.769395411036035881e+01
2.695760838963964190e+01
2.700995761386386462e+01
2.953733929241741762e+01
2.741039711586586591e+01
2.631108530405405332e+01
2.768158158158158244e+01
2.827949785723223286e+01
2.615853705267767992e+01
2.435098418731231007e+01
2.347179366866866701e+01
2.342842412725225287e+01
2.397979972159659923e+01
1.659529998748748625e+01
5.869971534034033184e-02
3.104862675175175390e-02
2.801512449949949968e-02
2.895960804554554624e+00
2.861181493993994115e-02
1.610438563563563324e-02
1.213205392892892885e-02
1.873815338776276462e+01
2.412634822322322137e+01
2.494140194882382389e+01
2.319782712399900149e+01
2.647929257382382673e+01
1.734907055492992711e+01
1.627319076889389393e+01
1.557238136574074261e+01
1.495845845845845723e+01
1.190223191941941927e+01
2.275868251063563363e+01
2.013355386636636624e+01
1.350897303553553641e+01
1.084719485110110249e+01
4.279881443943944208e-01
1.325669419419419348e-01
7.714159471971972215e-02
9.392752127127126927e-02
7.693201013513513431e-02
8.843335523023022893e-02
5.201447541291290833e+00
4.269191066066065771e-02
1.863074011511511169e-02
2.030507069569570042e-02
1.544122247247247011e-02
