8.763333333333333997e+01
8.704444444444445139e+01
8.258888888888887436e+01
8.576666666666665151e+01
8.136666666666673109e+01
8.491111111111109722e+01
8.414444444444444571e+01
8.262222222222226264e+01
7.996666666666658330e+01
8.605555555555554292e+01
8.106666666666671972e+01
8.685555555555549745e+01
7.930000000000029559e+01
8.272222222222194432e+01
8.656666666666683341e+01
8.392222222222221717e+01
8.344444444444434339e+01
8.241111111111104037e+01
8.059999999999990905e+01
8.752222222222235359e+01
8.282222222222230812e+01
8.448888888888882320e+01
8.364444444444438886e+01
8.168888888888909605e+01
8.339999999999986358e+01
8.356666666666660603e+01
8.075555555555547471e+01
8.632222222222253549e+01
8.198888888888859583e+01
8.473333333333357587e+01
8.357777777777755546e+01
8.294444444444479814e+01
8.367777777777746451e+01
8.275555555555547471e+01
8.443333333333339397e+01
8.337777777777773736e+01
8.257777777777801020e+01
8.364444444444461624e+01
8.376666666666642413e+01
8.458888888888895963e+01
8.158888888888895963e+01
8.527777777777782831e+01
8.119999999999981810e+01
8.366666666666696983e+01
8.317777777777791925e+01
8.413333333333275732e+01
8.380000000000018190e+01
8.277777777777828305e+01
8.388888888888868678e+01
8.371111111111076752e+01
8.227777777777737356e+01
8.505555555555565661e+01
8.212222222222226264e+01
8.447777777777810115e+01
8.346666666666715173e+01
8.281111111111113132e+01
8.323333333333266637e+01
8.420000000000072760e+01
8.173333333333266637e+01
8.290000000000054570e+01
8.404444444444470719e+01
8.407777777777664596e+01
8.430000000000109139e+01
8.289999999999963620e+01
8.242222222222153505e+01
8.490000000000054570e+01
8.292222222222153505e+01
8.357777777777846495e+01
8.183333333333303017e+01
8.438888888888959627e+01
8.305555555555474712e+01
8.448888888888905058e+01
8.222222222222262644e+01
8.393333333333339397e+01
8.217777777777700976e+01
8.423333333333357587e+01
8.413333333333412156e+01
8.231111111111022183e+01
8.326666666666642413e+01
8.255555555555565661e+01
8.470000000000072760e+01
8.416666666666696983e+01
8.365555555555511091e+01
8.197777777777810115e+01
8.369999999999981810e+01
8.218888888888795918e+01
8.720000000000072760e+01
8.114444444444507099e+01
8.427777777777737356e+01
8.431111111111113132e+01
8.409999999999945430e+01
8.291111111111149512e+01
8.135555555555492901e+01
8.698888888888996007e+01
7.954444444444379769e+01
8.359999999999945430e+01
8.298888888888996007e+01
8.519999999999890861e+01
8.385555555555765750e+01
8.242222222222153505e+01
8.347777777777628216e+01
8.460000000000036380e+01
8.255555555555656611e+01
8.179999999999927240e+01
8.464444444444416149e+01
8.320000000000072760e+01
8.221111111110985803e+01
8.348888888889086957e+01
8.372222222222080745e+01
8.360000000000036380e+01
8.271111111111167702e+01
8.305555555555474712e+01
8.292222222222335404e+01
8.413333333333321207e+01
8.537777777777773736e+01
8.251111111110913043e+01
8.217777777777882875e+01
8.493333333333430346e+01
8.341111111111058563e+01
8.389999999999963620e+01
8.144444444444525288e+01
8.482222222222117125e+01
8.223333333333357587e+01
8.492222222222153505e+01
7.857777777778028394e+01
8.465555555555511091e+01
8.478888888888832298e+01
8.613333333333321207e+01
8.191111111111058563e+01
8.472222222222262644e+01
8.417777777777882875e+01
8.175555555555365572e+01
8.491111111111240461e+01
8.273333333333357587e+01
8.427777777777555457e+01
8.202222222222371784e+01
8.294444444444525288e+01
8.227777777777737356e+01
8.416666666666606034e+01
8.315555555555511091e+01
8.389999999999963620e+01
8.277777777777919255e+01
8.371111111110985803e+01
8.376666666666824312e+01
8.286666666666496894e+01
8.298888888889086957e+01
8.375555555555547471e+01
8.345555555555438332e+01
8.362222222222226264e+01
8.392222222222153505e+01
8.246666666666715173e+01
8.446666666666715173e+01
8.407777777777846495e+01
8.353333333333284827e+01
8.237777777777773736e+01
8.257777777777664596e+01
8.207777777777846495e+01
8.516666666666787933e+01
8.285555555555401952e+01
8.371111111111167702e+01
8.350000000000000000e+01
8.324444444444452529e+01
8.428888888888832298e+01
8.327777777777919255e+01
8.357777777777664596e+01
8.262222222222226264e+01
8.501111111111094942e+01
8.127777777777919255e+01
8.442222222221971606e+01
8.562222222222226264e+01
8.097777777777992014e+01
8.514444444444234250e+01
7.836666666666860692e+01
8.712222222222226264e+01
8.175555555555365572e+01
8.417777777777882875e+01
8.508888888888941437e+01
8.223333333333175688e+01
8.387777777777955635e+01
8.411111111110949423e+01
8.177777777777919255e+01
8.401111111110913043e+01
8.258888888888941437e+01
8.345555555555620231e+01
8.367777777777882875e+01
8.379999999999927240e+01
8.385555555555583851e+01
8.467777777777700976e+01
8.200000000000000000e+01
8.223333333333357587e+01
8.391111111111240461e+01
8.336666666666678793e+01
8.381111111111022183e+01
8.293333333333248447e+01
8.391111111111058563e+01
7.981111111111204082e+01
8.785555555555583851e+01
8.195555555555620231e+01
8.225555555555547471e+01
8.081111111111022183e+01
8.769999999999708962e+01
7.982222222222480923e+01
8.504444444444379769e+01
8.432222222222480923e+01
8.268888888888977817e+01
8.414444444444234250e+01
8.378888888889196096e+01
8.367777777777519077e+01
8.226666666666642413e+01
8.342222222222335404e+01
8.534444444444307010e+01
8.098888888888905058e+01
8.433333333333212067e+01
8.382222222222480923e+01
8.377777777777373558e+01
8.371111111111167702e+01
8.456666666666933452e+01
8.069999999999708962e+01
8.391111111111240461e+01
8.281111111111385981e+01
8.351111111111094942e+01
8.395555555555256433e+01
8.267777777777882875e+01
8.417777777777882875e+01
8.325555555555183673e+01
1.159000000000014552e+02
8.373333333333357587e+01
8.268888888888977817e+01
8.264444444444598048e+01
8.424444444444088731e+01
8.488888888889050577e+01
9.887777777777955635e+01
8.281111111111022183e+01
8.392222222221971606e+01
8.245555555555620231e+01
8.312222222222408163e+01
8.415555555555692990e+01
8.469999999999708962e+01
8.327777777778101154e+01
8.300000000000000000e+01
8.395555555555256433e+01
8.090000000000145519e+01
8.596666666666715173e+01
8.425555555555547471e+01
8.404444444444379769e+01
8.164444444444598048e+01
8.347777777777446317e+01
8.302222222222553683e+01
8.475555555555547471e+01
8.431111111111022183e+01
8.339999999999781721e+01
8.391111111111240461e+01
8.167777777777519077e+01
8.381111111111385981e+01
8.300000000000000000e+01
8.306666666666569654e+01
8.271111111111167702e+01
8.328888888889196096e+01
8.371111111110803904e+01
8.227777777777737356e+01
8.425555555555547471e+01
8.394444444444525288e+01
8.383333333333212067e+01
8.024444444444452529e+01
8.480000000000291038e+01
8.450000000000000000e+01
8.345555555555620231e+01
8.259999999999854481e+01
8.342222222221971606e+01
8.093333333333430346e+01
8.668888888888977817e+01
8.290000000000145519e+01
8.318888888888614019e+01
8.495555555555620231e+01
8.220000000000072760e+01
8.305555555555474712e+01
8.348888888888905058e+01
8.421111111111167702e+01
9.924444444444452529e+01
8.476666666666642413e+01
8.157777777778028394e+01
8.399999999999636202e+01
8.532222222222117125e+01
8.074444444444452529e+01
8.445555555555984029e+01
8.358888888888759539e+01
8.393333333333430346e+01
8.604444444444015971e+01
8.082222222222480923e+01
8.217777777777519077e+01
8.406666666666933452e+01
8.300000000000000000e+01
8.556666666666933452e+01
8.114444444444234250e+01
8.381111111111022183e+01
8.248888888888905058e+01
8.416666666666424135e+01
8.341111111111240461e+01
8.368888888888977817e+01
8.303333333333284827e+01
8.315555555555692990e+01
8.262222222222408163e+01
8.431111111111022183e+01
8.296666666666715173e+01
8.087777777777591837e+01
8.570000000000072760e+01
8.335555555555401952e+01
8.414444444444598048e+01
8.266666666666424135e+01
8.290000000000145519e+01
8.483333333333575865e+01
8.202222222221826087e+01
8.444444444444525288e+01
8.025555555555547471e+01
8.562222222222408163e+01
8.382222222222117125e+01
8.293333333333430346e+01
8.371111111110803904e+01
8.360000000000218279e+01
8.154444444444743567e+01
8.585555555555401952e+01
8.155555555555474712e+01
8.346666666666715173e+01
8.545555555555620231e+01
8.224444444444452529e+01
8.452222222222189885e+01
8.541111111110876664e+01
8.143333333333430346e+01
8.456666666666933452e+01
8.062222222222044365e+01
8.585555555555765750e+01
8.394444444444161491e+01
8.141111111111240461e+01
8.371111111110803904e+01
8.155555555555838509e+01
8.596666666666715173e+01
8.265555555555329192e+01
8.197777777777810115e+01
8.481111111111022183e+01
8.303333333333284827e+01
8.307777777778028394e+01
8.204444444444379769e+01
8.520000000000072760e+01
7.995555555555256433e+01
8.672222222222626442e+01
8.299999999999636202e+01
8.363333333333503106e+01
8.244444444444525288e+01
8.365555555555692990e+01
8.437777777777591837e+01
8.484444444444307010e+01
8.164444444444598048e+01
8.274444444444452529e+01
8.412222222222044365e+01
8.304444444444743567e+01
8.436666666666860692e+01
8.447777777777082520e+01
7.906666666667297250e+01
8.765555555555329192e+01
8.364444444444234250e+01
8.237777777777955635e+01
8.312222222222408163e+01
8.465555555555329192e+01
8.067777777777882875e+01
8.628888888888832298e+01
8.419999999999708962e+01
8.140000000000509317e+01
8.194444444444161491e+01
8.277777777777737356e+01
8.261111111111313221e+01
8.412222222222044365e+01
8.274444444444816327e+01
8.404444444444379769e+01
9.943333333333066548e+01
8.388888888888686779e+01
8.354444444444743567e+01
8.427777777777737356e+01
8.221111111111167702e+01
8.167777777777519077e+01
8.556666666666933452e+01
8.391111111111240461e+01
8.127777777777737356e+01
8.497777777777082520e+01
8.437777777778319432e+01
8.359999999999854481e+01
8.295555555555620231e+01
8.293333333333430346e+01
8.302222222222189885e+01
8.386666666666496894e+01
8.340000000000509317e+01
8.381111111111022183e+01
8.425555555554819875e+01
8.376666666667006211e+01
8.133333333333575865e+01
8.456666666666569654e+01
8.292222222222335404e+01
8.383333333332848269e+01
8.437777777778683230e+01
8.284444444443943212e+01
8.373333333332993789e+01
8.233333333333575865e+01
8.380000000000291038e+01
8.345555555554892635e+01
8.224444444444816327e+01
8.394444444444525288e+01
8.297777777777810115e+01
8.493333333332702750e+01
8.155555555556202307e+01
8.364444444444961846e+01
8.414444444443506654e+01
8.044444444444525288e+01
8.653333333334012423e+01
8.142222222222335404e+01
8.336666666666133096e+01
9.847777777777810115e+01
1.024777777777781012e+02
8.442222222222335404e+01
8.063333333333139308e+01
8.648888888888905058e+01
8.302222222222189885e+01
8.172222222221898846e+01
8.424444444444816327e+01
8.394444444444525288e+01
8.386666666666860692e+01
8.339999999999417923e+01
8.194444444444525288e+01
8.527777777778101154e+01
8.321111111110803904e+01
8.204444444445107365e+01
8.493333333333430346e+01
8.234444444443943212e+01
8.411111111110949423e+01
8.351111111111094942e+01
8.196666666666715173e+01
8.453333333333284827e+01
8.321111111111531500e+01
8.273333333332993789e+01
8.353333333333284827e+01
8.386666666666860692e+01
8.297777777777810115e+01
8.387777777777955635e+01
8.433333333332848269e+01
8.307777777778392192e+01
8.362222222221316770e+01
8.203333333334012423e+01
8.387777777777955635e+01
8.294444444443797693e+01
8.490000000000145519e+01
8.281111111111385981e+01
8.219999999999708962e+01
8.475555555555183673e+01
8.184444444445398403e+01
8.361111111110949423e+01
8.493333333333430346e+01
8.206666666665842058e+01
8.378888888889196096e+01
8.377777777778101154e+01
8.214444444444234250e+01
8.418888888888614019e+01
8.365555555556056788e+01
8.176666666666278616e+01
8.215555555555329192e+01
8.500000000000000000e+01
8.385555555555765750e+01
8.427777777778101154e+01
8.291111111111240461e+01
8.385555555555765750e+01
8.256666666666569654e+01
8.323333333332993789e+01
8.131111111111385981e+01
8.526666666666278616e+01
8.083333333333575865e+01
8.583333333333575865e+01
8.157777777776937000e+01
1.029444444444452529e+02
8.400000000000727596e+01
8.224444444444088731e+01
8.484444444443943212e+01
8.434444444444670808e+01
8.366666666667151731e+01
8.201111111111094942e+01
8.206666666666569654e+01
8.424444444444088731e+01
8.451111111111094942e+01
8.112222222222044365e+01
8.470000000000436557e+01
8.280000000000291038e+01
8.438888888889050577e+01
8.151111111111094942e+01
8.696666666665987577e+01
8.131111111111385981e+01
8.306666666666569654e+01
8.271111111110803904e+01
8.465555555556056788e+01
8.274444444444088731e+01
8.263333333333139308e+01
8.124444444444816327e+01
8.591111111111240461e+01
8.397777777777810115e+01
8.235555555555038154e+01
8.464444444444961846e+01
8.052222222222189885e+01
8.626666666667006211e+01
8.299999999999272404e+01
8.226666666667006211e+01
8.387777777777228039e+01
8.382222222222480923e+01
8.357777777777664596e+01
8.409999999999854481e+01
8.162222222222771961e+01
8.427777777777373558e+01
8.333333333333575865e+01
8.438888888889050577e+01
8.247777777777810115e+01
8.544444444444525288e+01
8.264444444444234250e+01
8.534444444443943212e+01
8.011111111111677019e+01
8.396666666666715173e+01
8.268888888888614019e+01
8.666666666667151731e+01
8.278888888888468500e+01
8.158888888888759539e+01
8.440000000000145519e+01
8.204444444444379769e+01
8.352222222222189885e+01
8.161111111111677019e+01
8.488888888889050577e+01
8.336666666666133096e+01
8.433333333333575865e+01
8.281111111111385981e+01
8.371111111110076308e+01
8.368888888889341615e+01
8.317777777778246673e+01
8.362222222221316770e+01
8.117777777778246673e+01
8.425555555555911269e+01
8.392222222222335404e+01
8.248888888888905058e+01
8.406666666666569654e+01
8.350000000000000000e+01
8.166666666666424135e+01
8.581111111111385981e+01
8.298888888888905058e+01
8.422222222221898846e+01
8.394444444444525288e+01
8.150000000000000000e+01
8.448888888888905058e+01
8.150000000000000000e+01
8.353333333333284827e+01
8.617777777777519077e+01
8.253333333333284827e+01
8.315555555556056788e+01
8.497777777777810115e+01
8.224444444444088731e+01
8.283333333333575865e+01
8.306666666666569654e+01
8.326666666666278616e+01
8.410000000000582077e+01
8.077777777777373558e+01
8.584444444444670808e+01
9.948888888888905058e+01
8.326666666667006211e+01
8.194444444443797693e+01
8.420000000000436557e+01
8.387777777777955635e+01
8.418888888888614019e+01
8.388888888888322981e+01
8.117777777778246673e+01
8.506666666666569654e+01
8.313333333333866904e+01
8.257777777777664596e+01
8.393333333332702750e+01
8.196666666667442769e+01
8.534444444443943212e+01
8.665555555555329192e+01
7.602222222222189885e+01
8.769999999999708962e+01
8.268888888889341615e+01
8.261111111110949423e+01
8.271111111110803904e+01
8.400000000000727596e+01
8.429999999999563443e+01
8.338888888889050577e+01
8.520000000000436557e+01
8.203333333332557231e+01
8.461111111111677019e+01
8.343333333333430346e+01
8.300000000000000000e+01
8.359999999999854481e+01
8.343333333333430346e+01
8.137777777777228039e+01
8.374444444444816327e+01
8.493333333333430346e+01
8.243333333333430346e+01
8.378888888889196096e+01
8.325555555555183673e+01
8.262222222222044365e+01
8.335555555555765750e+01
8.418888888888614019e+01
8.480000000000291038e+01
8.014444444444234250e+01
8.420000000000436557e+01
8.238888888888322981e+01
8.563333333333139308e+01
8.172222222222626442e+01
8.467777777778246673e+01
8.125555555555183673e+01
8.651111111111094942e+01
8.103333333333284827e+01
8.475555555555911269e+01
8.361111111110949423e+01
8.202222222222189885e+01
8.374444444444088731e+01
8.159999999999854481e+01
8.570000000000436557e+01
8.326666666667006211e+01
8.343333333332702750e+01
8.274444444444816327e+01
8.346666666666715173e+01
8.421111111110803904e+01
8.353333333333284827e+01
8.115555555555329192e+01
8.704444444444379769e+01
8.103333333334012423e+01
8.346666666666715173e+01
8.307777777777664596e+01
8.365555555555329192e+01
8.355555555555474712e+01
8.288888888889050577e+01
8.537777777777955635e+01
8.175555555555183673e+01
8.271111111110803904e+01
8.332222222222480923e+01
8.382222222222480923e+01
8.441111111111240461e+01
8.426666666667006211e+01
8.254444444444379769e+01
8.324444444444088731e+01
8.200000000000000000e+01
8.483333333333575865e+01
8.296666666665987577e+01
8.332222222222480923e+01
8.242222222222335404e+01
8.242222222222335404e+01
8.685555555555038154e+01
8.077777777778101154e+01
8.459999999999854481e+01
8.190000000000145519e+01
8.393333333333430346e+01
8.331111111111385981e+01
8.277777777777373558e+01
8.310000000000582077e+01
8.498888888888177462e+01
8.306666666667297250e+01
8.265555555555329192e+01
8.357777777777664596e+01
8.627777777778101154e+01
8.171111111110803904e+01
9.906666666666569654e+01
1.003555555555503815e+02
9.802222222222917480e+01
1.013111111111065838e+02
1.000000000000000000e+02
1.018222222222248092e+02
9.873333333332993789e+01
1.005333333333401242e+02
8.286666666666133096e+01
8.350000000000000000e+01
8.355555555555474712e+01
9.902222222222189885e+01
8.445555555556347826e+01
8.419999999998981366e+01
8.370000000000436557e+01
8.277777777778101154e+01
8.243333333332702750e+01
8.298888888889632653e+01
8.588888888889050577e+01
8.068888888888614019e+01
8.393333333333430346e+01
8.341111111110512866e+01
8.120000000000436557e+01
8.679999999999563443e+01
8.231111111111385981e+01
7.994444444444525288e+01
8.647777777777810115e+01
8.486666666666133096e+01
8.275555555555911269e+01
8.262222222222044365e+01
8.312222222222044365e+01
8.448888888889632653e+01
8.314444444444234250e+01
8.377777777778101154e+01
8.372222222221898846e+01
8.392222222222335404e+01
8.006666666666569654e+01
8.489999999999417923e+01
8.371111111111531500e+01
8.408888888888759539e+01
8.337777777777955635e+01
8.264444444444234250e+01
8.460000000000582077e+01
8.315555555555329192e+01
8.226666666666278616e+01
8.363333333333139308e+01
8.332222222223208519e+01
1.002444444444408873e+02
8.434444444443943212e+01
8.225555555555183673e+01
8.377777777778828749e+01
8.242222222221607808e+01
8.377777777778101154e+01
8.158888888888759539e+01
8.506666666666569654e+01
1.008000000000029104e+02
9.936666666666860692e+01
1.001222222222131677e+02
1.039888888888963265e+02
9.969999999999708962e+01
9.883333333333575865e+01
1.001888888888934162e+02
1.005111111111109494e+02
9.885555555555038154e+01
9.973333333332993789e+01
9.706666666667297250e+01
